max |check| (R identity): 1.2314593789142236e-12
       n  gap_share  gap_bps_mean  gap_bps_p90   gap_R  lock_R  lock_gross  lock_cost
tf                                                                                   
15m  472     0.3750        6.5487      12.8098  0.1145  0.6792      0.9225     0.2433
1h   214     0.3645        8.9147      26.1927  0.0762  0.3885      0.5032     0.1147
30m  339     0.3717        7.9675      19.1151  0.0895  0.5144      0.6830     0.1686
4h    37     0.2703       15.4868     107.3859  0.0783  0.4470      0.5131     0.0661
5m   340     0.4559        3.7023      11.7028  0.1075  0.8286      1.2732     0.4446
       n       R     fee  exit_slip     gap  funding  entry_slip_inside_1R  exact_fill_share  median_stop_pct
tf                                                                                                           
15m  417 -1.2346  0.1942     0.0388  0.0002   0.0013                0.0388            0.9952           0.5806
1h   101 -1.1077  0.0883     0.0176  0.0000   0.0019                0.0177            1.0000           1.1621
30m  220 -1.1572  0.1299     0.0260  0.0003   0.0011                0.0260            0.9955           0.8337
4h    14 -1.0576  0.0461     0.0092  0.0000   0.0024                0.0093            1.0000           2.2556
5m   497 -1.5727  0.4759     0.0952  0.0008   0.0008                0.0952            0.9899           0.2657
run      grp  tf     n  median_stop_pct  mean_R  mean_gross_ref_R  mean_cost_R  fee_R  entry_slip_R  exit_slip_R  funding_R  gap_R  SL_mean_R  SL_fee_R  SL_exit_slip_R  SL_gap_R  SL_gap_share  LOCK_mean_R  LOCK_mean_gross_ref_R  LOCK_cost_share_of_gross  n_LIQ  mean_cost_pct_equity  mean_leverage
ALL coinflip  5m 126.0           0.3214 -0.5437           -0.0171       0.5266 0.3819        0.0822       0.0628    -0.0004 0.0171    -1.5379    0.4492          0.0898    0.0000        0.0000       0.8789                 1.3317                    0.3400    0.0                1.9087        39.5238
ALL coinflip 15m  50.0           0.6176  0.0987            0.4044       0.3057 0.2183        0.0436       0.0437     0.0001 0.0423    -1.3034    0.2534          0.0507    0.0000        0.0000       0.7585                 1.0414                    0.2716    0.0                1.7595        36.0000
ALL coinflip 30m  24.0           0.9912 -0.2997           -0.1501       0.1496 0.1071        0.0214       0.0214    -0.0003 0.0031    -1.1401    0.1157          0.0231    0.0000        0.0000       0.4114                 0.5495                    0.2514    0.0                1.2813        30.0000
ALL coinflip  1h  12.0           1.3689 -0.1698           -0.0675       0.1023 0.0743        0.0148       0.0149    -0.0017 0.0217    -1.0944    0.0809          0.0162    0.0000        0.0000       0.2925                 0.3907                    0.2515    0.0                1.0127        26.6667
ALL coinflip  4h   5.0           2.2478 -0.5212           -0.4582       0.0630 0.0467        0.0093       0.0094    -0.0024 0.0000    -1.0541    0.0482          0.0097    0.0000        0.0000       0.2781                 0.3400                    0.1819    0.0                0.5395        20.0000
ALL   core36  5m 837.0           0.3068 -0.5972           -0.0205       0.5767 0.4111        0.0822       0.0823     0.0011 0.0441    -1.5727    0.4759          0.0952    0.0008        0.0121       0.8286                 1.2732                    0.3492    0.0                2.6406        47.4671
ALL   core36 15m 630.0           0.6386 -0.1900            0.0723       0.2623 0.1873        0.0375       0.0375     0.0000 0.0505    -1.2451    0.2034          0.0407    0.0004        0.0074       0.6116                 0.8563                    0.2858    0.0                1.8283        36.8254
ALL   core36 30m 378.0           0.9044 -0.1518            0.0240       0.1758 0.1255        0.0251       0.0251     0.0001 0.0392    -1.1576    0.1305          0.0261    0.0004        0.0069       0.4742                 0.6453                    0.2652    0.0                1.5230        33.0952
ALL   core36  1h 212.0           1.2529 -0.0733            0.0421       0.1154 0.0825        0.0165       0.0165    -0.0001 0.0488    -1.1084    0.0898          0.0179    0.0000        0.0000       0.3844                 0.4950                    0.2235    0.0                1.1177        27.7830
ALL   core36  4h  31.0           2.0166  0.1443            0.2092       0.0649 0.0461        0.0092       0.0092     0.0004 0.0926    -1.0572    0.0469          0.0093    0.0000        0.0000       0.4947                 0.5591                    0.1151    0.0                0.5858        20.3226
ALL    ds200 15m 259.0           0.6058 -0.2877           -0.0425       0.2452 0.1748        0.0350       0.0349     0.0005 0.0864    -1.2149    0.1770          0.0354    0.0000        0.0000       0.8917                 1.1304                    0.2112    0.0                1.2628        30.0000
ALL    ds200 30m 181.0           0.8399 -0.1261            0.0449       0.1710 0.1224        0.0245       0.0245    -0.0004 0.0862    -1.1565    0.1288          0.0257    0.0000        0.0000       0.6030                 0.7660                    0.2128    0.0                1.2552        30.0000
ALL    ds200  1h 103.0           1.1385 -0.1282           -0.0045       0.1238 0.0881        0.0177       0.0176     0.0004 0.0578    -1.1066    0.0855          0.0170    0.0000        0.0000       0.3975                 0.5213                    0.2375    0.0                1.1607        28.5437
ALL    ds200  4h  20.0           1.8722 -0.1371           -0.0686       0.0685 0.0484        0.0097       0.0096     0.0008 0.0013    -1.0581    0.0453          0.0090    0.0000        0.0000       0.3588                 0.4280                    0.1618    0.0                0.5648        20.0000
ALL     reel  5m  13.0           0.2004 -0.4583            0.3215       0.7798 0.5691        0.1255       0.0864    -0.0012 0.0000    -1.9633    0.8028          0.1605    0.0000        0.0000          NaN                    NaN                       NaN    0.0                1.0501        30.0000
                 run    grp  tf     n  median_stop_pct  mean_R  mean_gross_ref_R  mean_cost_R
             current core36 15m 175.0           0.5888 -0.1803            0.0664       0.2467
             current core36 30m 113.0           0.8465 -0.0315            0.1402       0.1716
             current core36  1h  77.0           1.1959  0.0867            0.2070       0.1203
             current core36  4h  17.0           2.0166  0.2169            0.2796       0.0628
             current  ds200 15m 259.0           0.6058 -0.2877           -0.0425       0.2452
             current  ds200 30m 181.0           0.8399 -0.1261            0.0449       0.1710
             current  ds200  1h 103.0           1.1385 -0.1282           -0.0045       0.1238
             current  ds200  4h  20.0           1.8722 -0.1371           -0.0686       0.0685
run-20261005T014624Z core36  5m 837.0           0.3068 -0.5972           -0.0205       0.5767
run-20261005T014624Z core36 15m 337.0           0.6178 -0.1777            0.1167       0.2944
run-20261005T014624Z core36 30m 188.0           0.9900 -0.2110           -0.0212       0.1899
run-20261005T014624Z core36  1h  90.0           1.7314 -0.0385            0.0674       0.1059
run-20261005T014624Z core36  4h  13.0           2.1278  0.0373            0.1058       0.0684
run-20261005T183457Z core36 15m 118.0           0.7527 -0.2397           -0.0459       0.1938
run-20261005T183457Z core36 30m  77.0           0.9759 -0.1837           -0.0362       0.1475
run-20261005T183457Z core36  1h  45.0           1.1621 -0.4168           -0.2905       0.1263
run-20261005T183457Z core36  4h   1.0           2.5551  0.3011            0.3561       0.0550
  symbol  tf     n  median_stop_pct  mean_R  mean_gross_ref_R  mean_cost_R  SL_mean_R
 BCHUSDT  5m 126.0           0.4270 -0.4628           -0.1281       0.3347    -1.3129
 BTCUSDT  5m 195.0           0.1374 -0.9269           -0.0223       0.9046    -1.8732
DOGEUSDT  5m 112.0           0.2904 -0.6103           -0.1658       0.4444    -1.4269
 ETHUSDT  5m 166.0           0.1644 -0.6374            0.1344       0.7718    -1.7216
 LTCUSDT  5m 132.0           0.4847 -0.2140            0.0596       0.2735    -1.2522
 SOLUSDT  5m 106.0           0.2795 -0.5510           -0.0783       0.4727    -1.4187
 BCHUSDT 15m 132.0           0.6710 -0.2908           -0.0882       0.2026    -1.1856
 BTCUSDT 15m 176.0           0.4643 -0.3510            0.0135       0.3645    -1.3077
DOGEUSDT 15m 128.0           0.6740 -0.1149            0.0951       0.2100    -1.2021
 ETHUSDT 15m 151.0           0.4607 -0.0032            0.3416       0.3448    -1.3053
 LTCUSDT 15m 141.0           0.8291 -0.2501           -0.0887       0.1615    -1.1530
 SOLUSDT 15m 161.0           0.6900 -0.2708           -0.0463       0.2245    -1.1976
 BCHUSDT 30m  79.0           0.9217 -0.2115           -0.0698       0.1417    -1.1297
 BTCUSDT 30m 112.0           0.6689 -0.2001            0.0388       0.2389    -1.2080
DOGEUSDT 30m  49.0           0.9888 -0.1443            0.0023       0.1466    -1.1217
 ETHUSDT 30m 101.0           0.6559 -0.0500            0.1823       0.2323    -1.2084
 LTCUSDT 30m 115.0           1.1762 -0.1900           -0.0789       0.1111    -1.0941
 SOLUSDT 30m 103.0           0.9251 -0.0690            0.0866       0.1556    -1.1453
 BCHUSDT  1h  54.0           1.3311  0.0526            0.1496       0.0970    -1.0840
 BTCUSDT  1h  75.0           0.9415 -0.0451            0.1134       0.1585    -1.1435
DOGEUSDT  1h  31.0           1.6503  0.0273            0.1142       0.0869    -1.1010
 ETHUSDT  1h  49.0           0.9449 -0.0336            0.1160       0.1496    -1.1295
 LTCUSDT  1h  50.0           1.9469 -0.0819           -0.0084       0.0735    -1.0711
 SOLUSDT  1h  56.0           1.2434 -0.4162           -0.3020       0.1142    -1.0960
 BTCUSDT  4h  20.0           1.8634  0.0394            0.1140       0.0746    -1.0649
 ETHUSDT  4h  16.0           1.9910  0.3216            0.3895       0.0680    -1.0667
 SOLUSDT  4h  15.0           2.6480 -0.2802           -0.2266       0.0536    -1.0470
 tf stop_bin_bps     n  mean_R  mean_gross_ref_R  mean_cost_R  SL_mean_R
15m      (0, 30]  68.0 -0.3241            0.2859       0.6100    -1.5184
15m     (30, 45] 117.0  0.0810            0.4508       0.3698    -1.3159
15m     (45, 60] 221.0 -0.4412           -0.1753       0.2659    -1.2288
15m     (60, 80] 268.0 -0.2920           -0.0890       0.2031    -1.1774
15m    (80, 100] 141.0 -0.0726            0.0862       0.1588    -1.1413
15m   (100, 130]  50.0  0.1511            0.2740       0.1229    -1.1092
15m   (130, 170]  22.0 -0.1685           -0.0715       0.0970    -1.0857
15m   (170, 250]   2.0  0.2438            0.3175       0.0738        NaN
 1h     (30, 45]   1.0  0.5128            0.8481       0.3353        NaN
 1h     (45, 60]   6.0 -0.1135            0.1606       0.2741    -1.2551
 1h     (60, 80]   9.0  0.1180            0.3134       0.1954    -1.1575
 1h    (80, 100]  93.0 -0.1427            0.0084       0.1510    -1.1318
 1h   (100, 130]  76.0 -0.0783            0.0406       0.1189    -1.1034
 1h   (130, 170]  60.0 -0.1776           -0.0812       0.0963    -1.0870
 1h   (170, 250]  56.0  0.0054            0.0751       0.0697    -1.0597
 1h (250, 10000]  14.0 -0.0050            0.0461       0.0511    -1.0415
30m      (0, 30]   6.0  0.4786            1.0046       0.5260    -1.4110
30m     (30, 45]  27.0 -0.4039           -0.0230       0.3809    -1.3256
30m     (45, 60]  55.0 -0.3000           -0.0506       0.2494    -1.2148
30m     (60, 80] 130.0 -0.0923            0.1070       0.1993    -1.1704
30m    (80, 100] 129.0 -0.1744           -0.0173       0.1571    -1.1383
30m   (100, 130] 142.0 -0.0773            0.0495       0.1268    -1.1103
30m   (130, 170]  47.0  0.0133            0.1067       0.0935    -1.0807
30m   (170, 250]  23.0 -0.4705           -0.3980       0.0725    -1.0643
 4h   (130, 170]   2.0 -0.3858           -0.2937       0.0921    -1.0823
 4h   (170, 250]  32.0  0.1983            0.2698       0.0715    -1.0632
 4h (250, 10000]  17.0 -0.2261           -0.1725       0.0536    -1.0470
 5m      (0, 30] 404.0 -0.9430           -0.0715       0.8715    -1.7750
 5m     (30, 45] 207.0 -0.4418           -0.0670       0.3748    -1.3224
 5m     (45, 60] 125.0 -0.2055            0.0716       0.2770    -1.2428
 5m     (60, 80]  55.0 -0.0886            0.1184       0.2071    -1.1784
 5m    (80, 100]  39.0  0.0520            0.2078       0.1558    -1.1326
 5m   (100, 130]   7.0  0.1557            0.2875       0.1317    -1.1261
  *      (0, 30] 478.0 -0.8371           -0.0072       0.8300    -1.7461
  *     (30, 45] 352.0 -0.2624            0.1111       0.3735    -1.3207
  *     (45, 60] 407.0 -0.3449           -0.0777       0.2672    -1.2307
  *     (60, 80] 462.0 -0.2036           -0.0013       0.2023    -1.1755
  *    (80, 100] 402.0 -0.1094            0.0468       0.1562    -1.1373
  *   (100, 130] 275.0 -0.0301            0.0939       0.1240    -1.1084
  *   (130, 170] 131.0 -0.1108           -0.0154       0.0954    -1.0852
  *   (170, 250] 113.0 -0.0326            0.0382       0.0708    -1.0623
  * (250, 10000]  31.0 -0.1263           -0.0738       0.0525    -1.0452
