parity {'base_traded': 4646, 'resolved': 4236, 'resolved_match_1e-9': 4236, 'resolved_max_abs_diff': 4.121147867408581e-13, 'marked_match_1e-9': 410, 'marked': 410, 'pin_equal_1e-6': 4646, 'pin_pairs': 4646}
run          grp      tf    scenario    n  clusters  mean_Rb  ci_lo  ci_hi  diff_vs_base  diff_ci_lo  diff_ci_hi  p_diff_le0  fill_or_trade_rate  base_Rb_of_unfilled  base_Rb_of_filled  scen_Rb_of_filled  mean_R_own  median_stop_pct
ALL     coinflip     15m        base   53        32    0.018 -0.230  0.249         0.000         NaN         NaN         NaN               1.000                  NaN              0.018              0.018       0.018            0.634
ALL     coinflip     15m        zero   53        32    0.248  0.053  0.442         0.230       0.153       0.338       0.000               1.000                  NaN              0.018              0.248       0.255            0.634
ALL     coinflip     15m         fee   53        32    0.078 -0.127  0.276         0.059      -0.010       0.154       0.054               1.000                  NaN              0.018              0.078       0.078            0.634
ALL     coinflip     15m        real   53        32    0.062 -0.140  0.263         0.043      -0.022       0.137       0.136               1.000                  NaN              0.018              0.062       0.057            0.634
ALL     coinflip     15m    real_bnb   53        32    0.079 -0.130  0.277         0.060      -0.006       0.151       0.043               1.000                  NaN              0.018              0.079       0.075            0.634
ALL     coinflip     15m mk_fee_only   53        32    0.095 -0.107  0.298         0.076       0.005       0.173       0.016               1.000                  NaN              0.018              0.095       0.096            0.634
ALL     coinflip     15m    zero_lad   53        32    0.212  0.052  0.361         0.193       0.032       0.358       0.007               1.000                  NaN              0.018              0.212       0.218            0.634
ALL     coinflip     15m     fee_lad   53        32   -0.020 -0.198  0.165        -0.038      -0.148       0.083       0.740               1.000                  NaN              0.018             -0.020      -0.023            0.634
ALL     coinflip     15m    real_lad   53        32    0.010 -0.229  0.239        -0.008      -0.115       0.111       0.550               1.000                  NaN              0.018              0.010       0.006            0.634
ALL     coinflip     15m    mk_touch   53        32    0.035 -0.171  0.241         0.017      -0.077       0.130       0.393               0.887                0.612             -0.057              0.040       0.041            0.634
ALL     coinflip     15m        mk10   53        32   -0.014 -0.201  0.159        -0.032      -0.166       0.098       0.699               0.849                0.801             -0.121             -0.016      -0.020            0.634
ALL     coinflip     15m        mk25   53        32    0.033 -0.140  0.191         0.014      -0.176       0.201       0.451               0.679                0.321             -0.125              0.048       0.053            0.634
ALL     coinflip     15m  mk25_shift   53        32    0.080 -0.096  0.238         0.061      -0.134       0.265       0.270               0.679                0.321             -0.125              0.117       0.118            0.634
ALL     coinflip     15m         w25   53        32    0.070 -0.183  0.305         0.052      -0.057       0.182       0.209               1.000                  NaN              0.018              0.070       0.056            0.634
ALL     coinflip     15m         w30   53        32    0.069 -0.166  0.293         0.050      -0.083       0.195       0.260               1.000                  NaN              0.018              0.069       0.045            0.634
ALL     coinflip      1h        base    6         6    0.069 -0.414  0.371         0.000         NaN         NaN         NaN               1.000                  NaN              0.069              0.069       0.069            1.426
ALL     coinflip      1h        zero    6         6    0.124 -0.330  0.374         0.055      -0.002       0.103       0.038               1.000                  NaN              0.069              0.124       0.127            1.426
ALL     coinflip      1h         fee    6         6    0.050 -0.393  0.300        -0.019      -0.076       0.025       0.756               1.000                  NaN              0.069              0.050       0.052            1.426
ALL     coinflip      1h        real    6         6    0.037 -0.413  0.287        -0.032      -0.088       0.011       0.890               1.000                  NaN              0.069              0.037       0.038            1.426
ALL     coinflip      1h    real_bnb    6         6    0.045 -0.407  0.294        -0.024      -0.081       0.019       0.815               1.000                  NaN              0.069              0.045       0.045            1.426
ALL     coinflip      1h mk_fee_only    6         6    0.058 -0.391  0.307        -0.011      -0.067       0.033       0.608               1.000                  NaN              0.069              0.058       0.059            1.426
ALL     coinflip      1h    zero_lad    6         6    0.111 -0.335  0.363         0.042      -0.052       0.115       0.179               1.000                  NaN              0.069              0.111       0.114            1.426
ALL     coinflip      1h     fee_lad    6         6    0.104 -0.385  0.429         0.035      -0.081       0.168       0.314               1.000                  NaN              0.069              0.104       0.106            1.426
ALL     coinflip      1h    real_lad    6         6    0.048 -0.402  0.305        -0.021      -0.086       0.034       0.730               1.000                  NaN              0.069              0.048       0.049            1.426
ALL     coinflip      1h    mk_touch    6         6    0.075 -0.377  0.326         0.006      -0.063       0.061       0.396               1.000                  NaN              0.069              0.075       0.078            1.426
ALL     coinflip      1h        mk10    6         6    0.106 -0.377  0.444         0.037      -0.124       0.205       0.327               0.833                0.249              0.033              0.128       0.137            1.426
ALL     coinflip      1h        mk25    6         6   -0.033 -0.402  0.241        -0.102      -0.233       0.039       0.896               0.500                0.249             -0.111             -0.066      -0.075            1.426
ALL     coinflip      1h  mk25_shift    6         6   -0.054 -0.463  0.244        -0.123      -0.233      -0.001       0.976               0.500                0.249             -0.111             -0.107      -0.107            1.426
ALL     coinflip      1h         w25    6         6    0.028 -0.534  0.371        -0.041      -0.123       0.000       1.000               1.000                  NaN              0.069              0.028       0.023            1.426
ALL     coinflip      1h         w30    6         6   -0.013 -0.659  0.369        -0.082      -0.247       0.000       1.000               1.000                  NaN              0.069             -0.013      -0.009            1.426
ALL     coinflip     30m        base   18        16   -0.419 -0.770 -0.056         0.000         NaN         NaN         NaN               1.000                  NaN             -0.419             -0.419      -0.419            0.792
ALL     coinflip     30m        zero   18        16   -0.166 -0.512  0.191         0.253       0.146       0.453       0.000               1.000                  NaN             -0.419             -0.166      -0.173            0.792
ALL     coinflip     30m         fee   18        16   -0.294 -0.643  0.056         0.125       0.028       0.319       0.000               1.000                  NaN             -0.419             -0.294      -0.303            0.792
ALL     coinflip     30m        real   18        16   -0.303 -0.642  0.061         0.116       0.016       0.314       0.000               1.000                  NaN             -0.419             -0.303      -0.313            0.792
ALL     coinflip     30m    real_bnb   18        16   -0.290 -0.632  0.070         0.129       0.028       0.329       0.000               1.000                  NaN             -0.419             -0.290      -0.300            0.792
ALL     coinflip     30m mk_fee_only   18        16   -0.281 -0.615  0.070         0.138       0.040       0.336       0.000               1.000                  NaN             -0.419             -0.281      -0.290            0.792
ALL     coinflip     30m    zero_lad   18        16   -0.155 -0.466  0.163         0.264       0.086       0.505       0.000               1.000                  NaN             -0.419             -0.155      -0.162            0.792
ALL     coinflip     30m     fee_lad   18        16   -0.284 -0.637  0.069         0.136       0.022       0.338       0.000               1.000                  NaN             -0.419             -0.284      -0.293            0.792
ALL     coinflip     30m    real_lad   18        16   -0.312 -0.644  0.033         0.107       0.005       0.301       0.008               1.000                  NaN             -0.419             -0.312      -0.323            0.792
ALL     coinflip     30m    mk_touch   18        16   -0.244 -0.564  0.091         0.175      -0.007       0.422       0.033               0.889               -0.379             -0.424             -0.275      -0.284            0.792
ALL     coinflip     30m        mk10   18        16   -0.253 -0.549  0.063         0.166       0.006       0.361       0.020               0.722               -0.363             -0.441             -0.351      -0.381            0.792
ALL     coinflip     30m        mk25   18        16   -0.151 -0.407  0.119         0.268       0.018       0.555       0.019               0.556               -0.261             -0.545             -0.271      -0.321            0.792
ALL     coinflip     30m  mk25_shift   18        16   -0.095 -0.415  0.203         0.324       0.036       0.615       0.012               0.556               -0.261             -0.545             -0.171      -0.178            0.792
ALL     coinflip     30m         w25   18        16   -0.338 -0.807  0.093         0.081      -0.136       0.328       0.308               1.000                  NaN             -0.419             -0.338      -0.272            0.792
ALL     coinflip     30m         w30   18        16   -0.316 -0.824  0.155         0.103      -0.213       0.450       0.286               1.000                  NaN             -0.419             -0.316      -0.213            0.792
ALL     coinflip      4h        base    3         3   -0.206 -1.068  0.266         0.000         NaN         NaN         NaN               1.000                  NaN             -0.206             -0.206      -0.206            1.953
ALL     coinflip      4h        zero    3         3   -0.143 -0.989  0.328         0.063       0.048       0.080       0.000               1.000                  NaN             -0.206             -0.143      -0.145            1.953
ALL     coinflip      4h         fee    3         3   -0.190 -1.046  0.277         0.016       0.010       0.023       0.000               1.000                  NaN             -0.206             -0.190      -0.193            1.953
ALL     coinflip      4h        real    3         3   -0.192 -1.046  0.276         0.014       0.009       0.022       0.000               1.000                  NaN             -0.206             -0.192      -0.194            1.953
ALL     coinflip      4h    real_bnb    3         3   -0.187 -1.041  0.281         0.019       0.014       0.028       0.000               1.000                  NaN             -0.206             -0.187      -0.190            1.953
ALL     coinflip      4h mk_fee_only    3         3   -0.185 -1.040  0.282         0.020       0.015       0.029       0.000               1.000                  NaN             -0.206             -0.185      -0.188            1.953
ALL     coinflip      4h    zero_lad    3         3   -0.187 -0.989  0.256         0.019      -0.013       0.080       0.306               1.000                  NaN             -0.206             -0.187      -0.190            1.953
ALL     coinflip      4h     fee_lad    3         3   -0.197 -1.046  0.256         0.009      -0.010       0.023       0.151               1.000                  NaN             -0.206             -0.197      -0.200            1.953
ALL     coinflip      4h    real_lad    3         3   -0.198 -1.046  0.257         0.008      -0.009       0.022       0.140               1.000                  NaN             -0.206             -0.198      -0.201            1.953
ALL     coinflip      4h    mk_touch    3         3   -0.184 -1.040  0.282         0.021       0.015       0.029       0.000               1.000                  NaN             -0.206             -0.184      -0.187            1.953
ALL     coinflip      4h        mk10    3         3   -0.174 -0.991  0.282         0.032       0.004       0.077       0.000               1.000                  NaN             -0.206             -0.174      -0.185            1.953
ALL     coinflip      4h        mk25    3         3   -0.212 -0.918  0.282        -0.006      -0.185       0.150       0.608               0.667                0.185             -0.401             -0.318      -0.366            1.953
ALL     coinflip      4h  mk25_shift    3         3   -0.253 -1.042  0.282        -0.048      -0.185       0.026       0.720               0.667                0.185             -0.401             -0.380      -0.383            1.953
ALL     coinflip      4h         w25    3         3   -0.288 -1.315  0.266        -0.082      -0.247       0.000       1.000               1.000                  NaN             -0.206             -0.288      -0.231            1.953
ALL     coinflip      4h         w30    3         3   -0.146 -0.890  0.266         0.059       0.000       0.178       0.314               1.000                  NaN             -0.206             -0.146      -0.098            1.953
ALL       core36     15m        base 1252        53   -0.128 -0.295  0.052         0.000         NaN         NaN         NaN               1.000                  NaN             -0.128             -0.128      -0.128            0.654
ALL       core36     15m        zero 1252        53    0.082 -0.087  0.277         0.210       0.167       0.255       0.000               1.000                  NaN             -0.128              0.082       0.088            0.654
ALL       core36     15m         fee 1252        53   -0.079 -0.246  0.122         0.049       0.008       0.090       0.010               1.000                  NaN             -0.128             -0.079      -0.080            0.654
ALL       core36     15m        real 1252        53   -0.128 -0.294  0.064         0.000      -0.044       0.045       0.501               1.000                  NaN             -0.128             -0.128      -0.126            0.654
ALL       core36     15m    real_bnb 1252        53   -0.112 -0.280  0.093         0.016      -0.028       0.063       0.234               1.000                  NaN             -0.128             -0.112      -0.110            0.654
ALL       core36     15m mk_fee_only 1252        53   -0.063 -0.228  0.131         0.065       0.023       0.107       0.002               1.000                  NaN             -0.128             -0.063      -0.063            0.654
ALL       core36     15m    zero_lad 1252        53    0.086 -0.038  0.226         0.214       0.138       0.288       0.000               1.000                  NaN             -0.128              0.086       0.091            0.654
ALL       core36     15m     fee_lad 1252        53   -0.123 -0.245  0.004         0.005      -0.078       0.064       0.393               1.000                  NaN             -0.128             -0.123      -0.126            0.654
ALL       core36     15m    real_lad 1252        53   -0.161 -0.291 -0.023        -0.033      -0.100       0.019       0.850               1.000                  NaN             -0.128             -0.161      -0.161            0.654
ALL       core36     15m    mk_touch 1252        53   -0.111 -0.248  0.051         0.017      -0.044       0.066       0.261               0.875                0.283             -0.187             -0.127      -0.130            0.654
ALL       core36     15m        mk10 1252        53   -0.108 -0.222  0.005         0.020      -0.083       0.094       0.297               0.810                0.227             -0.211             -0.133      -0.144            0.654
ALL       core36     15m        mk25 1252        53   -0.122 -0.216 -0.020         0.006      -0.114       0.114       0.437               0.629                0.206             -0.325             -0.194      -0.227            0.654
ALL       core36     15m  mk25_shift 1252        53   -0.127 -0.227 -0.023         0.001      -0.123       0.114       0.473               0.629                0.206             -0.325             -0.201      -0.207            0.654
ALL       core36     15m         w25 1252        53   -0.157 -0.331  0.034        -0.029      -0.063       0.012       0.921               1.000                  NaN             -0.128             -0.157      -0.126            0.654
ALL       core36     15m         w30 1252        53   -0.186 -0.369  0.005        -0.058      -0.114       0.006       0.963               1.000                  NaN             -0.128             -0.186      -0.125            0.654
ALL       core36      1h        base  406        53   -0.141 -0.273 -0.014         0.000         NaN         NaN         NaN               1.000                  NaN             -0.141             -0.141      -0.141            1.240
ALL       core36      1h        zero  406        53   -0.030 -0.150  0.094         0.112       0.096       0.127       0.000               1.000                  NaN             -0.141             -0.030      -0.030            1.240
ALL       core36      1h         fee  406        53   -0.113 -0.237  0.015         0.029       0.015       0.044       0.000               1.000                  NaN             -0.141             -0.113      -0.115            1.240
ALL       core36      1h        real  406        53   -0.125 -0.251  0.001         0.016       0.004       0.031       0.004               1.000                  NaN             -0.141             -0.125      -0.127            1.240
ALL       core36      1h    real_bnb  406        53   -0.117 -0.241  0.004         0.025       0.013       0.039       0.000               1.000                  NaN             -0.141             -0.117      -0.119            1.240
ALL       core36      1h mk_fee_only  406        53   -0.104 -0.227  0.022         0.037       0.023       0.052       0.000               1.000                  NaN             -0.141             -0.104      -0.106            1.240
ALL       core36      1h    zero_lad  406        53   -0.000 -0.101  0.091         0.141       0.069       0.217       0.000               1.000                  NaN             -0.141             -0.000      -0.000            1.240
ALL       core36      1h     fee_lad  406        53   -0.117 -0.256  0.030         0.024      -0.017       0.078       0.178               1.000                  NaN             -0.141             -0.117      -0.119            1.240
ALL       core36      1h    real_lad  406        53   -0.124 -0.261  0.023         0.018      -0.019       0.069       0.239               1.000                  NaN             -0.141             -0.124      -0.126            1.240
ALL       core36      1h    mk_touch  406        53   -0.130 -0.251 -0.008         0.012      -0.034       0.043       0.264               0.948                0.441             -0.173             -0.137      -0.140            1.240
ALL       core36      1h        mk10  406        53   -0.128 -0.228 -0.023         0.014      -0.039       0.064       0.284               0.884                0.345             -0.205             -0.144      -0.154            1.240
ALL       core36      1h        mk25  406        53   -0.046 -0.144  0.049         0.096       0.000       0.189       0.024               0.692                0.169             -0.280             -0.066      -0.077            1.240
ALL       core36      1h  mk25_shift  406        53   -0.036 -0.138  0.059         0.106       0.009       0.207       0.017               0.692                0.169             -0.280             -0.052      -0.052            1.240
ALL       core36      1h         w25  406        53   -0.154 -0.299 -0.015        -0.013      -0.054       0.038       0.727               1.000                  NaN             -0.141             -0.154      -0.124            1.240
ALL       core36      1h         w30  406        53   -0.171 -0.335 -0.017        -0.029      -0.102       0.048       0.798               1.000                  NaN             -0.141             -0.171      -0.115            1.240
ALL       core36     30m        base  639        53   -0.146 -0.256 -0.029         0.000         NaN         NaN         NaN               1.000                  NaN             -0.146             -0.146      -0.146            0.920
ALL       core36     30m        zero  639        53    0.017 -0.095  0.130         0.163       0.145       0.183       0.000               1.000                  NaN             -0.146              0.017       0.017            0.920
ALL       core36     30m         fee  639        53   -0.096 -0.209  0.015         0.050       0.033       0.068       0.000               1.000                  NaN             -0.146             -0.096      -0.098            0.920
ALL       core36     30m        real  639        53   -0.126 -0.237 -0.011         0.020       0.005       0.036       0.004               1.000                  NaN             -0.146             -0.126      -0.127            0.920
ALL       core36     30m    real_bnb  639        53   -0.115 -0.229 -0.009         0.031       0.017       0.047       0.000               1.000                  NaN             -0.146             -0.115      -0.115            0.920
ALL       core36     30m mk_fee_only  639        53   -0.085 -0.199  0.027         0.061       0.044       0.079       0.000               1.000                  NaN             -0.146             -0.085      -0.087            0.920
ALL       core36     30m    zero_lad  639        53    0.029 -0.067  0.125         0.175       0.119       0.228       0.000               1.000                  NaN             -0.146              0.029       0.030            0.920
ALL       core36     30m     fee_lad  639        53   -0.099 -0.214  0.021         0.047       0.014       0.086       0.002               1.000                  NaN             -0.146             -0.099      -0.101            0.920
ALL       core36     30m    real_lad  639        53   -0.148 -0.260 -0.036        -0.002      -0.025       0.020       0.552               1.000                  NaN             -0.146             -0.148      -0.149            0.920
ALL       core36     30m    mk_touch  639        53   -0.125 -0.226 -0.019         0.021      -0.030       0.066       0.178               0.898                0.336             -0.200             -0.139      -0.143            0.920
ALL       core36     30m        mk10  639        53   -0.116 -0.217 -0.011         0.030      -0.023       0.079       0.121               0.801                0.236             -0.241             -0.144      -0.156            0.920
ALL       core36     30m        mk25  639        53   -0.057 -0.147  0.041         0.089       0.006       0.173       0.016               0.596                0.073             -0.294             -0.096      -0.112            0.920
ALL       core36     30m  mk25_shift  639        53   -0.065 -0.154  0.033         0.081      -0.002       0.165       0.030               0.596                0.073             -0.294             -0.108      -0.110            0.920
ALL       core36     30m         w25  639        53   -0.166 -0.287 -0.043        -0.020      -0.051       0.011       0.893               1.000                  NaN             -0.146             -0.166      -0.134            0.920
ALL       core36     30m         w30  639        53   -0.190 -0.333 -0.049        -0.044      -0.097       0.013       0.938               1.000                  NaN             -0.146             -0.190      -0.127            0.920
ALL       core36      4h        base   42        11    0.068 -0.308  0.527         0.000         NaN         NaN         NaN               1.000                  NaN              0.068              0.068       0.068            2.203
ALL       core36      4h        zero   42        11    0.092 -0.313  0.581         0.025      -0.053       0.066       0.216               1.000                  NaN              0.068              0.092       0.093            2.203
ALL       core36      4h         fee   42        11    0.048 -0.352  0.543        -0.020      -0.097       0.021       0.662               1.000                  NaN              0.068              0.048       0.049            2.203
ALL       core36      4h        real   42        11    0.046 -0.353  0.550        -0.022      -0.101       0.019       0.671               1.000                  NaN              0.068              0.046       0.047            2.203
ALL       core36      4h    real_bnb   42        11    0.050 -0.368  0.555        -0.017      -0.092       0.024       0.653               1.000                  NaN              0.068              0.050       0.051            2.203
ALL       core36      4h mk_fee_only   42        11    0.052 -0.349  0.538        -0.015      -0.091       0.025       0.654               1.000                  NaN              0.068              0.052       0.053            2.203
ALL       core36      4h    zero_lad   42        11    0.184 -0.167  0.621         0.117       0.045       0.238       0.000               1.000                  NaN              0.068              0.184       0.186            2.203
ALL       core36      4h     fee_lad   42        11    0.163 -0.196  0.631         0.095       0.014       0.224       0.000               1.000                  NaN              0.068              0.163       0.164            2.203
ALL       core36      4h    real_lad   42        11    0.055 -0.340  0.539        -0.013      -0.084       0.047       0.641               1.000                  NaN              0.068              0.055       0.056            2.203
ALL       core36      4h    mk_touch   42        11    0.051 -0.357  0.532        -0.017      -0.091       0.022       0.666               1.000                  NaN              0.068              0.051       0.052            2.203
ALL       core36      4h        mk10   42        11    0.179 -0.147  0.591         0.112       0.004       0.255       0.021               0.976                1.056              0.044              0.184       0.196            2.203
ALL       core36      4h        mk25   42        11    0.104 -0.181  0.439         0.036      -0.211       0.215       0.330               0.905                0.707              0.000              0.115       0.133            2.203
ALL       core36      4h  mk25_shift   42        11    0.089 -0.207  0.432         0.021      -0.225       0.189       0.391               0.905                0.707              0.000              0.098       0.100            2.203
ALL       core36      4h         w25   42        11    0.089 -0.270  0.555         0.022      -0.045       0.104       0.286               1.000                  NaN              0.068              0.089       0.072            2.203
ALL       core36      4h         w30   42        11    0.066 -0.344  0.548        -0.002      -0.100       0.085       0.528               1.000                  NaN              0.068              0.066       0.044            2.203
ALL        ds200     15m        base 1172        37   -0.077 -0.207  0.064         0.000         NaN         NaN         NaN               1.000                  NaN             -0.077             -0.077      -0.077            0.606
ALL        ds200     15m        zero 1172        37    0.142  0.018  0.294         0.218       0.153       0.272       0.000               1.000                  NaN             -0.077              0.142       0.149            0.606
ALL        ds200     15m         fee 1172        37   -0.034 -0.160  0.110         0.042      -0.020       0.096       0.080               1.000                  NaN             -0.077             -0.034      -0.034            0.606
ALL        ds200     15m        real 1172        37   -0.070 -0.192  0.073         0.006      -0.057       0.063       0.413               1.000                  NaN             -0.077             -0.070      -0.066            0.606
ALL        ds200     15m    real_bnb 1172        37   -0.053 -0.178  0.092         0.024      -0.040       0.083       0.206               1.000                  NaN             -0.077             -0.053      -0.048            0.606
ALL        ds200     15m mk_fee_only 1172        37   -0.017 -0.143  0.132         0.060      -0.001       0.114       0.026               1.000                  NaN             -0.077             -0.017      -0.015            0.606
ALL        ds200     15m    zero_lad 1172        37    0.107  0.026  0.197         0.184       0.096       0.271       0.000               1.000                  NaN             -0.077              0.107       0.113            0.606
ALL        ds200     15m     fee_lad 1172        37   -0.080 -0.165  0.017        -0.003      -0.089       0.068       0.504               1.000                  NaN             -0.077             -0.080      -0.081            0.606
ALL        ds200     15m    real_lad 1172        37   -0.101 -0.201  0.006        -0.024      -0.092       0.028       0.770               1.000                  NaN             -0.077             -0.101      -0.098            0.606
ALL        ds200     15m    mk_touch 1172        37   -0.057 -0.165  0.075         0.020      -0.060       0.089       0.287               0.893                0.323             -0.125             -0.064      -0.066            0.606
ALL        ds200     15m        mk10 1172        37   -0.061 -0.149  0.034         0.016      -0.068       0.093       0.346               0.831                0.289             -0.151             -0.073      -0.077            0.606
ALL        ds200     15m        mk25 1172        37   -0.063 -0.133  0.017         0.014      -0.092       0.119       0.412               0.667                0.295             -0.262             -0.095      -0.109            0.606
ALL        ds200     15m  mk25_shift 1172        37   -0.085 -0.162 -0.002        -0.008      -0.124       0.104       0.558               0.667                0.295             -0.262             -0.127      -0.129            0.606
ALL        ds200     15m         w25 1172        37   -0.115 -0.242  0.021        -0.039      -0.073       0.002       0.968               1.000                  NaN             -0.077             -0.115      -0.092            0.606
ALL        ds200     15m         w30 1172        37   -0.139 -0.251 -0.014        -0.062      -0.118      -0.003       0.979               1.000                  NaN             -0.077             -0.139      -0.093            0.606
ALL        ds200      1h        base  368        35   -0.125 -0.228 -0.027         0.000         NaN         NaN         NaN               1.000                  NaN             -0.125             -0.125      -0.125            1.251
ALL        ds200      1h        zero  368        35   -0.002 -0.101  0.100         0.124       0.095       0.150       0.000               1.000                  NaN             -0.125             -0.002      -0.002            1.251
ALL        ds200      1h         fee  368        35   -0.085 -0.188  0.012         0.040       0.012       0.066       0.005               1.000                  NaN             -0.125             -0.085      -0.086            1.251
ALL        ds200      1h        real  368        35   -0.104 -0.208 -0.004         0.022      -0.006       0.048       0.057               1.000                  NaN             -0.125             -0.104      -0.104            1.251
ALL        ds200      1h    real_bnb  368        35   -0.095 -0.200  0.003         0.030       0.002       0.056       0.020               1.000                  NaN             -0.125             -0.095      -0.095            1.251
ALL        ds200      1h mk_fee_only  368        35   -0.077 -0.179  0.024         0.049       0.022       0.074       0.000               1.000                  NaN             -0.125             -0.077      -0.078            1.251
ALL        ds200      1h    zero_lad  368        35    0.001 -0.098  0.093         0.127       0.078       0.175       0.000               1.000                  NaN             -0.125              0.001       0.002            1.251
ALL        ds200      1h     fee_lad  368        35   -0.052 -0.151  0.038         0.074       0.020       0.135       0.001               1.000                  NaN             -0.125             -0.052      -0.052            1.251
ALL        ds200      1h    real_lad  368        35   -0.063 -0.160  0.026         0.062       0.022       0.114       0.000               1.000                  NaN             -0.125             -0.063      -0.062            1.251
ALL        ds200      1h    mk_touch  368        35   -0.128 -0.237 -0.007        -0.003      -0.091       0.066       0.480               0.924                0.484             -0.176             -0.139      -0.142            1.251
ALL        ds200      1h        mk10  368        35   -0.087 -0.193  0.020         0.039      -0.058       0.124       0.189               0.872                0.414             -0.204             -0.099      -0.106            1.251
ALL        ds200      1h        mk25  368        35   -0.078 -0.177  0.023         0.048      -0.044       0.134       0.142               0.609                0.123             -0.285             -0.128      -0.148            1.251
ALL        ds200      1h  mk25_shift  368        35   -0.083 -0.186  0.034         0.043      -0.050       0.137       0.182               0.609                0.123             -0.285             -0.136      -0.138            1.251
ALL        ds200      1h         w25  368        35   -0.107 -0.251  0.027         0.019      -0.039       0.076       0.262               1.000                  NaN             -0.125             -0.107      -0.086            1.251
ALL        ds200      1h         w30  368        35   -0.138 -0.297  0.004        -0.013      -0.091       0.060       0.620               1.000                  NaN             -0.125             -0.138      -0.092            1.251
ALL        ds200     30m        base  620        36   -0.142 -0.249 -0.026         0.000         NaN         NaN         NaN               1.000                  NaN             -0.142             -0.142      -0.142            0.862
ALL        ds200     30m        zero  620        36    0.019 -0.091  0.128         0.160       0.128       0.193       0.000               1.000                  NaN             -0.142              0.019       0.020            0.862
ALL        ds200     30m         fee  620        36   -0.102 -0.214  0.010         0.040       0.007       0.072       0.009               1.000                  NaN             -0.142             -0.102      -0.104            0.862
ALL        ds200     30m        real  620        36   -0.134 -0.238 -0.027         0.008      -0.025       0.041       0.330               1.000                  NaN             -0.142             -0.134      -0.135            0.862
ALL        ds200     30m    real_bnb  620        36   -0.122 -0.229 -0.017         0.020      -0.014       0.053       0.121               1.000                  NaN             -0.142             -0.122      -0.123            0.862
ALL        ds200     30m mk_fee_only  620        36   -0.090 -0.197  0.024         0.052       0.020       0.083       0.000               1.000                  NaN             -0.142             -0.090      -0.092            0.862
ALL        ds200     30m    zero_lad  620        36    0.016 -0.078  0.109         0.158       0.067       0.234       0.000               1.000                  NaN             -0.142              0.016       0.017            0.862
ALL        ds200     30m     fee_lad  620        36   -0.103 -0.209  0.003         0.039      -0.003       0.083       0.035               1.000                  NaN             -0.142             -0.103      -0.105            0.862
ALL        ds200     30m    real_lad  620        36   -0.137 -0.240 -0.033         0.005      -0.039       0.043       0.395               1.000                  NaN             -0.142             -0.137      -0.138            0.862
ALL        ds200     30m    mk_touch  620        36   -0.124 -0.242 -0.008         0.018      -0.041       0.074       0.260               0.882                0.293             -0.200             -0.140      -0.145            0.862
ALL        ds200     30m        mk10  620        36   -0.128 -0.234 -0.025         0.014      -0.044       0.069       0.294               0.813                0.251             -0.232             -0.157      -0.169            0.862
ALL        ds200     30m        mk25  620        36   -0.131 -0.218 -0.042         0.011      -0.093       0.112       0.390               0.613                0.282             -0.410             -0.213      -0.249            0.862
ALL        ds200     30m  mk25_shift  620        36   -0.133 -0.208 -0.052         0.009      -0.104       0.109       0.414               0.613                0.282             -0.410             -0.217      -0.222            0.862
ALL        ds200     30m         w25  620        36   -0.161 -0.267 -0.049        -0.020      -0.058       0.019       0.847               1.000                  NaN             -0.142             -0.161      -0.130            0.862
ALL        ds200     30m         w30  620        36   -0.183 -0.295 -0.066        -0.041      -0.111       0.028       0.878               1.000                  NaN             -0.142             -0.183      -0.123            0.862
ALL        ds200      4h        base   67         9   -0.111 -0.344  0.254         0.000         NaN         NaN         NaN               1.000                  NaN             -0.111             -0.111      -0.111            2.016
ALL        ds200      4h        zero   67         9   -0.029 -0.295  0.379         0.082       0.035       0.133       0.002               1.000                  NaN             -0.111             -0.029      -0.029            2.016
ALL        ds200      4h         fee   67         9   -0.075 -0.333  0.299         0.036      -0.010       0.088       0.058               1.000                  NaN             -0.111             -0.075      -0.076            2.016
ALL        ds200      4h        real   67         9   -0.081 -0.338  0.327         0.030      -0.014       0.080       0.083               1.000                  NaN             -0.111             -0.081      -0.082            2.016
ALL        ds200      4h    real_bnb   67         9   -0.076 -0.339  0.336         0.034      -0.011       0.087       0.065               1.000                  NaN             -0.111             -0.076      -0.077            2.016
ALL        ds200      4h mk_fee_only   67         9   -0.070 -0.329  0.355         0.040      -0.005       0.091       0.038               1.000                  NaN             -0.111             -0.070      -0.071            2.016
ALL        ds200      4h    zero_lad   67         9   -0.015 -0.244  0.187         0.096      -0.217       0.352       0.252               1.000                  NaN             -0.111             -0.015      -0.015            2.016
ALL        ds200      4h     fee_lad   67         9   -0.146 -0.360  0.130        -0.036      -0.134       0.011       0.865               1.000                  NaN             -0.111             -0.146      -0.148            2.016
ALL        ds200      4h    real_lad   67         9   -0.155 -0.370  0.096        -0.045      -0.167       0.011       0.873               1.000                  NaN             -0.111             -0.155      -0.157            2.016
ALL        ds200      4h    mk_touch   67         9   -0.080 -0.348  0.319         0.030      -0.022       0.086       0.113               0.985                0.794             -0.124             -0.082      -0.082            2.016
ALL        ds200      4h        mk10   67         9   -0.171 -0.343 -0.000        -0.060      -0.290       0.045       0.752               0.970                0.925             -0.143             -0.176      -0.187            2.016
ALL        ds200      4h        mk25   67         9   -0.077 -0.257  0.092         0.033      -0.293       0.288       0.390               0.493                0.167             -0.397             -0.157      -0.180            2.016
ALL        ds200      4h  mk25_shift   67         9   -0.096 -0.293  0.087         0.015      -0.300       0.271       0.420               0.493                0.167             -0.397             -0.195      -0.196            2.016
ALL        ds200      4h         w25   67         9   -0.154 -0.427  0.249        -0.043      -0.091       0.021       0.919               1.000                  NaN             -0.111             -0.154      -0.123            2.016
ALL        ds200      4h         w30   67         9   -0.217 -0.512  0.227        -0.106      -0.192      -0.006       0.978               1.000                  NaN             -0.111             -0.217      -0.145            2.016
ALL     coinflip 15m+30m        base   71        40   -0.093 -0.297  0.111         0.000         NaN         NaN         NaN               1.000                  NaN             -0.093             -0.093      -0.093            0.673
ALL     coinflip 15m+30m        zero   71        40    0.143 -0.033  0.330         0.236       0.166       0.325       0.000               1.000                  NaN             -0.093              0.143       0.147            0.673
ALL     coinflip 15m+30m         fee   71        40   -0.017 -0.190  0.160         0.076       0.010       0.155       0.007               1.000                  NaN             -0.093             -0.017      -0.019            0.673
ALL     coinflip 15m+30m        real   71        40   -0.031 -0.210  0.151         0.062      -0.000       0.140       0.026               1.000                  NaN             -0.093             -0.031      -0.037            0.673
ALL     coinflip 15m+30m    real_bnb   71        40   -0.015 -0.185  0.170         0.078       0.016       0.154       0.003               1.000                  NaN             -0.093             -0.015      -0.020            0.673
ALL     coinflip 15m+30m mk_fee_only   71        40   -0.001 -0.178  0.177         0.092       0.027       0.173       0.001               1.000                  NaN             -0.093             -0.001      -0.002            0.673
ALL     coinflip 15m+30m    zero_lad   71        40    0.119 -0.029  0.261         0.211       0.084       0.338       0.001               1.000                  NaN             -0.093              0.119       0.122            0.673
ALL     coinflip 15m+30m     fee_lad   71        40   -0.087 -0.241  0.079         0.006      -0.090       0.109       0.455               1.000                  NaN             -0.093             -0.087      -0.092            0.673
ALL     coinflip 15m+30m    real_lad   71        40   -0.071 -0.265  0.121         0.021      -0.072       0.118       0.329               1.000                  NaN             -0.093             -0.071      -0.077            0.673
ALL     coinflip 15m+30m    mk_touch   71        40   -0.036 -0.201  0.139         0.057      -0.034       0.163       0.116               0.887                0.365             -0.151             -0.040      -0.041            0.673
ALL     coinflip 15m+30m        mk10   71        40   -0.074 -0.216  0.079         0.018      -0.095       0.136       0.398               0.817                0.354             -0.192             -0.091      -0.101            0.673
ALL     coinflip 15m+30m        mk25   71        40   -0.014 -0.168  0.129         0.079      -0.075       0.225       0.157               0.648                0.135             -0.216             -0.021      -0.029            0.673
ALL     coinflip 15m+30m  mk25_shift   71        40    0.035 -0.129  0.190         0.128      -0.050       0.302       0.082               0.648                0.135             -0.216              0.055       0.053            0.673
ALL     coinflip 15m+30m         w25   71        40   -0.033 -0.269  0.184         0.059      -0.055       0.193       0.191               1.000                  NaN             -0.093             -0.033      -0.027            0.673
ALL     coinflip 15m+30m         w30   71        40   -0.029 -0.263  0.182         0.064      -0.074       0.217       0.208               1.000                  NaN             -0.093             -0.029      -0.020            0.673
ALL       core36 15m+30m        base 1891        53   -0.134 -0.268  0.012         0.000         NaN         NaN         NaN               1.000                  NaN             -0.134             -0.134      -0.134            0.746
ALL       core36 15m+30m        zero 1891        53    0.060 -0.080  0.226         0.194       0.160       0.230       0.000               1.000                  NaN             -0.134              0.060       0.064            0.746
ALL       core36 15m+30m         fee 1891        53   -0.085 -0.219  0.068         0.049       0.019       0.079       0.001               1.000                  NaN             -0.134             -0.085      -0.086            0.746
ALL       core36 15m+30m        real 1891        53   -0.127 -0.260  0.026         0.007      -0.027       0.041       0.348               1.000                  NaN             -0.134             -0.127      -0.126            0.746
ALL       core36 15m+30m    real_bnb 1891        53   -0.113 -0.251  0.045         0.021      -0.010       0.055       0.094               1.000                  NaN             -0.134             -0.113      -0.111            0.746
ALL       core36 15m+30m mk_fee_only 1891        53   -0.070 -0.207  0.083         0.064       0.032       0.095       0.000               1.000                  NaN             -0.134             -0.070      -0.071            0.746
ALL       core36 15m+30m    zero_lad 1891        53    0.067 -0.032  0.181         0.201       0.146       0.252       0.000               1.000                  NaN             -0.134              0.067       0.070            0.746
ALL       core36 15m+30m     fee_lad 1891        53   -0.115 -0.228 -0.002         0.019      -0.029       0.054       0.187               1.000                  NaN             -0.134             -0.115      -0.118            0.746
ALL       core36 15m+30m    real_lad 1891        53   -0.156 -0.273 -0.038        -0.022      -0.068       0.012       0.874               1.000                  NaN             -0.134             -0.156      -0.157            0.746
ALL       core36 15m+30m    mk_touch 1891        53   -0.115 -0.231  0.018         0.019      -0.034       0.061       0.216               0.883                0.299             -0.191             -0.131      -0.134            0.746
ALL       core36 15m+30m        mk10 1891        53   -0.111 -0.206 -0.009         0.024      -0.046       0.083       0.222               0.807                0.230             -0.221             -0.137      -0.148            0.746
ALL       core36 15m+30m        mk25 1891        53   -0.100 -0.183 -0.011         0.034      -0.051       0.112       0.198               0.618                0.159             -0.315             -0.162      -0.190            0.746
ALL       core36 15m+30m  mk25_shift 1891        53   -0.106 -0.195 -0.017         0.028      -0.057       0.116       0.265               0.618                0.159             -0.315             -0.171      -0.175            0.746
ALL       core36 15m+30m         w25 1891        53   -0.160 -0.299 -0.008        -0.026      -0.051       0.002       0.961               1.000                  NaN             -0.134             -0.160      -0.129            0.746
ALL       core36 15m+30m         w30 1891        53   -0.187 -0.339 -0.021        -0.053      -0.102      -0.000       0.976               1.000                  NaN             -0.134             -0.187      -0.126            0.746
ALL        ds200 15m+30m        base 1792        37   -0.099 -0.198  0.009         0.000         NaN         NaN         NaN               1.000                  NaN             -0.099             -0.099      -0.099            0.676
ALL        ds200 15m+30m        zero 1792        37    0.099  0.003  0.208         0.198       0.151       0.241       0.000               1.000                  NaN             -0.099              0.099       0.104            0.676
ALL        ds200 15m+30m         fee 1792        37   -0.058 -0.160  0.051         0.042      -0.006       0.086       0.044               1.000                  NaN             -0.099             -0.058      -0.058            0.676
ALL        ds200 15m+30m        real 1792        37   -0.092 -0.191  0.020         0.007      -0.045       0.053       0.387               1.000                  NaN             -0.099             -0.092      -0.090            0.676
ALL        ds200 15m+30m    real_bnb 1792        37   -0.077 -0.175  0.033         0.023      -0.029       0.069       0.192               1.000                  NaN             -0.099             -0.077      -0.074            0.676
ALL        ds200 15m+30m mk_fee_only 1792        37   -0.042 -0.140  0.074         0.057       0.008       0.100       0.010               1.000                  NaN             -0.099             -0.042      -0.042            0.676
ALL        ds200 15m+30m    zero_lad 1792        37    0.076 -0.001  0.157         0.175       0.107       0.242       0.000               1.000                  NaN             -0.099              0.076       0.080            0.676
ALL        ds200 15m+30m     fee_lad 1792        37   -0.088 -0.163 -0.005         0.012      -0.041       0.060       0.309               1.000                  NaN             -0.099             -0.088      -0.089            0.676
ALL        ds200 15m+30m    real_lad 1792        37   -0.113 -0.196 -0.023        -0.014      -0.060       0.027       0.729               1.000                  NaN             -0.099             -0.113      -0.111            0.676
ALL        ds200 15m+30m    mk_touch 1792        37   -0.080 -0.176  0.030         0.019      -0.050       0.080       0.266               0.890                0.312             -0.150             -0.090      -0.093            0.676
ALL        ds200 15m+30m        mk10 1792        37   -0.084 -0.162 -0.003         0.015      -0.049       0.075       0.310               0.825                0.275             -0.179             -0.102      -0.109            0.676
ALL        ds200 15m+30m        mk25 1792        37   -0.086 -0.156 -0.014         0.013      -0.065       0.093       0.381               0.648                0.290             -0.310             -0.133      -0.155            0.676
ALL        ds200 15m+30m  mk25_shift 1792        37   -0.101 -0.167 -0.029        -0.002      -0.084       0.083       0.530               0.648                0.290             -0.310             -0.156      -0.159            0.676
ALL        ds200 15m+30m         w25 1792        37   -0.131 -0.224 -0.031        -0.032      -0.059      -0.000       0.976               1.000                  NaN             -0.099             -0.131      -0.105            0.676
ALL        ds200 15m+30m         w30 1792        37   -0.154 -0.238 -0.067        -0.055      -0.105      -0.004       0.981               1.000                  NaN             -0.099             -0.154      -0.103            0.676
ALL core36+ds200 15m+30m        base 3683        54   -0.117 -0.220 -0.005         0.000         NaN         NaN         NaN               1.000                  NaN             -0.117             -0.117      -0.117            0.706
ALL core36+ds200 15m+30m        zero 3683        54    0.079 -0.025  0.198         0.196       0.158       0.234       0.000               1.000                  NaN             -0.117              0.079       0.084            0.706
ALL core36+ds200 15m+30m         fee 3683        54   -0.072 -0.174  0.050         0.045       0.009       0.080       0.008               1.000                  NaN             -0.117             -0.072      -0.073            0.706
ALL core36+ds200 15m+30m        real 3683        54   -0.110 -0.216  0.011         0.007      -0.031       0.044       0.371               1.000                  NaN             -0.117             -0.110      -0.109            0.706
ALL core36+ds200 15m+30m    real_bnb 3683        54   -0.095 -0.198  0.027         0.022      -0.018       0.059       0.128               1.000                  NaN             -0.117             -0.095      -0.093            0.706
ALL core36+ds200 15m+30m mk_fee_only 3683        54   -0.057 -0.162  0.064         0.061       0.023       0.098       0.001               1.000                  NaN             -0.117             -0.057      -0.057            0.706
ALL core36+ds200 15m+30m    zero_lad 3683        54    0.071 -0.005  0.151         0.188       0.135       0.242       0.000               1.000                  NaN             -0.117              0.071       0.075            0.706
ALL core36+ds200 15m+30m     fee_lad 3683        54   -0.102 -0.183 -0.022         0.015      -0.033       0.055       0.232               1.000                  NaN             -0.117             -0.102      -0.104            0.706
ALL core36+ds200 15m+30m    real_lad 3683        54   -0.135 -0.217 -0.048        -0.018      -0.061       0.017       0.816               1.000                  NaN             -0.117             -0.135      -0.135            0.706
ALL core36+ds200 15m+30m    mk_touch 3683        54   -0.098 -0.192  0.012         0.019      -0.035       0.068       0.214               0.886                0.305             -0.171             -0.111      -0.114            0.706
ALL core36+ds200 15m+30m        mk10 3683        54   -0.098 -0.175 -0.020         0.020      -0.041       0.075       0.232               0.816                0.251             -0.200             -0.120      -0.129            0.706
ALL core36+ds200 15m+30m        mk25 3683        54   -0.093 -0.158 -0.027         0.024      -0.048       0.095       0.260               0.633                0.220             -0.313             -0.148      -0.172            0.706
ALL core36+ds200 15m+30m  mk25_shift 3683        54   -0.104 -0.170 -0.037         0.013      -0.063       0.088       0.346               0.633                0.220             -0.313             -0.164      -0.167            0.706
ALL core36+ds200 15m+30m         w25 3683        54   -0.146 -0.250 -0.035        -0.029      -0.050      -0.006       0.990               1.000                  NaN             -0.117             -0.146      -0.117            0.706
ALL core36+ds200 15m+30m         w30 3683        54   -0.171 -0.273 -0.063        -0.054      -0.095      -0.011       0.993               1.000                  NaN             -0.117             -0.171      -0.115            0.706
ALL core36+ds200     15m        base 2424        54   -0.103 -0.233  0.040         0.000         NaN         NaN         NaN               1.000                  NaN             -0.103             -0.103      -0.103            0.620
ALL core36+ds200     15m        zero 2424        54    0.111 -0.017  0.268         0.214       0.163       0.262       0.000               1.000                  NaN             -0.103              0.111       0.117            0.620
ALL core36+ds200     15m         fee 2424        54   -0.058 -0.182  0.104         0.046      -0.004       0.091       0.034               1.000                  NaN             -0.103             -0.058      -0.058            0.620
ALL core36+ds200     15m        real 2424        54   -0.100 -0.230  0.054         0.003      -0.046       0.052       0.453               1.000                  NaN             -0.103             -0.100      -0.097            0.620
ALL core36+ds200     15m    real_bnb 2424        54   -0.083 -0.209  0.072         0.020      -0.032       0.068       0.203               1.000                  NaN             -0.103             -0.083      -0.080            0.620
ALL core36+ds200     15m mk_fee_only 2424        54   -0.041 -0.169  0.123         0.063       0.014       0.108       0.008               1.000                  NaN             -0.103             -0.041      -0.040            0.620
ALL core36+ds200     15m    zero_lad 2424        54    0.096  0.009  0.190         0.200       0.124       0.270       0.000               1.000                  NaN             -0.103              0.096       0.102            0.620
ALL core36+ds200     15m     fee_lad 2424        54   -0.102 -0.187 -0.013         0.001      -0.083       0.064       0.449               1.000                  NaN             -0.103             -0.102      -0.105            0.620
ALL core36+ds200     15m    real_lad 2424        54   -0.132 -0.229 -0.031        -0.028      -0.090       0.020       0.824               1.000                  NaN             -0.103             -0.132      -0.130            0.620
ALL core36+ds200     15m    mk_touch 2424        54   -0.085 -0.191  0.044         0.018      -0.042       0.073       0.267               0.884                0.301             -0.156             -0.096      -0.099            0.620
ALL core36+ds200     15m        mk10 2424        54   -0.085 -0.170  0.006         0.018      -0.066       0.090       0.304               0.820                0.255             -0.182             -0.104      -0.111            0.620
ALL core36+ds200     15m        mk25 2424        54   -0.093 -0.162 -0.023         0.010      -0.096       0.103       0.408               0.648                0.247             -0.294             -0.144      -0.169            0.620
ALL core36+ds200     15m  mk25_shift 2424        54   -0.106 -0.181 -0.032        -0.003      -0.110       0.098       0.503               0.648                0.247             -0.294             -0.164      -0.168            0.620
ALL core36+ds200     15m         w25 2424        54   -0.137 -0.270  0.006        -0.034      -0.060      -0.004       0.986               1.000                  NaN             -0.103             -0.137      -0.110            0.620
ALL core36+ds200     15m         w30 2424        54   -0.163 -0.293 -0.022        -0.060      -0.106      -0.010       0.992               1.000                  NaN             -0.103             -0.163      -0.109            0.620
ALL core36+ds200      1h        base  774        53   -0.134 -0.234 -0.040         0.000         NaN         NaN         NaN               1.000                  NaN             -0.134             -0.134      -0.134            1.244
ALL core36+ds200      1h        zero  774        53   -0.017 -0.116  0.075         0.117       0.101       0.133       0.000               1.000                  NaN             -0.134             -0.017      -0.017            1.244
ALL core36+ds200      1h         fee  774        53   -0.100 -0.193 -0.008         0.034       0.019       0.049       0.000               1.000                  NaN             -0.134             -0.100      -0.101            1.244
ALL core36+ds200      1h        real  774        53   -0.115 -0.212 -0.022         0.019       0.003       0.035       0.009               1.000                  NaN             -0.134             -0.115      -0.116            1.244
ALL core36+ds200      1h    real_bnb  774        53   -0.107 -0.203 -0.015         0.027       0.012       0.043       0.000               1.000                  NaN             -0.134             -0.107      -0.108            1.244
ALL core36+ds200      1h mk_fee_only  774        53   -0.091 -0.190 -0.002         0.043       0.026       0.057       0.000               1.000                  NaN             -0.134             -0.091      -0.093            1.244
ALL core36+ds200      1h    zero_lad  774        53    0.001 -0.086  0.078         0.134       0.087       0.183       0.000               1.000                  NaN             -0.134              0.001       0.001            1.244
ALL core36+ds200      1h     fee_lad  774        53   -0.086 -0.193  0.013         0.048       0.007       0.104       0.008               1.000                  NaN             -0.134             -0.086      -0.087            1.244
ALL core36+ds200      1h    real_lad  774        53   -0.095 -0.200 -0.000         0.039       0.007       0.086       0.002               1.000                  NaN             -0.134             -0.095      -0.096            1.244
ALL core36+ds200      1h    mk_touch  774        53   -0.129 -0.224 -0.030         0.005      -0.062       0.049       0.364               0.937                0.465             -0.174             -0.138      -0.141            1.244
ALL core36+ds200      1h        mk10  774        53   -0.108 -0.199 -0.016         0.026      -0.046       0.085       0.210               0.879                0.379             -0.205             -0.123      -0.131            1.244
ALL core36+ds200      1h        mk25  774        53   -0.061 -0.149  0.024         0.073      -0.010       0.150       0.038               0.652                0.144             -0.282             -0.094      -0.108            1.244
ALL core36+ds200      1h  mk25_shift  774        53   -0.058 -0.150  0.037         0.076      -0.006       0.158       0.037               0.652                0.144             -0.282             -0.089      -0.090            1.244
ALL core36+ds200      1h         w25  774        53   -0.132 -0.249 -0.021         0.002      -0.039       0.045       0.482               1.000                  NaN             -0.134             -0.132      -0.106            1.244
ALL core36+ds200      1h         w30  774        53   -0.155 -0.291 -0.033        -0.021      -0.079       0.039       0.760               1.000                  NaN             -0.134             -0.155      -0.104            1.244
ALL core36+ds200     30m        base 1259        53   -0.144 -0.235 -0.049         0.000         NaN         NaN         NaN               1.000                  NaN             -0.144             -0.144      -0.144            0.886
ALL core36+ds200     30m        zero 1259        53    0.018 -0.072  0.112         0.161       0.138       0.185       0.000               1.000                  NaN             -0.144              0.018       0.018            0.886
ALL core36+ds200     30m         fee 1259        53   -0.099 -0.191 -0.006         0.045       0.024       0.067       0.000               1.000                  NaN             -0.144             -0.099      -0.101            0.886
ALL core36+ds200     30m        real 1259        53   -0.130 -0.221 -0.042         0.014      -0.007       0.036       0.111               1.000                  NaN             -0.144             -0.130      -0.131            0.886
ALL core36+ds200     30m    real_bnb 1259        53   -0.118 -0.209 -0.030         0.026       0.004       0.049       0.010               1.000                  NaN             -0.144             -0.118      -0.119            0.886
ALL core36+ds200     30m mk_fee_only 1259        53   -0.087 -0.179  0.005         0.057       0.036       0.078       0.000               1.000                  NaN             -0.144             -0.087      -0.089            0.886
ALL core36+ds200     30m    zero_lad 1259        53    0.023 -0.054  0.097         0.167       0.104       0.222       0.000               1.000                  NaN             -0.144              0.023       0.024            0.886
ALL core36+ds200     30m     fee_lad 1259        53   -0.101 -0.192 -0.012         0.043       0.008       0.081       0.008               1.000                  NaN             -0.144             -0.101      -0.103            0.886
ALL core36+ds200     30m    real_lad 1259        53   -0.142 -0.232 -0.056         0.001      -0.027       0.030       0.458               1.000                  NaN             -0.144             -0.142      -0.143            0.886
ALL core36+ds200     30m    mk_touch 1259        53   -0.124 -0.220 -0.035         0.020      -0.036       0.064       0.204               0.890                0.313             -0.200             -0.139      -0.144            0.886
ALL core36+ds200     30m        mk10 1259        53   -0.122 -0.210 -0.040         0.022      -0.028       0.066       0.176               0.807                0.243             -0.236             -0.151      -0.162            0.886
ALL core36+ds200     30m        mk25 1259        53   -0.093 -0.172 -0.011         0.050      -0.032       0.135       0.110               0.604                0.174             -0.352             -0.154      -0.180            0.886
ALL core36+ds200     30m  mk25_shift 1259        53   -0.098 -0.168 -0.026         0.045      -0.041       0.124       0.143               0.604                0.174             -0.352             -0.163      -0.166            0.886
ALL core36+ds200     30m         w25 1259        53   -0.164 -0.262 -0.068        -0.020      -0.050       0.009       0.916               1.000                  NaN             -0.144             -0.164      -0.132            0.886
ALL core36+ds200     30m         w30 1259        53   -0.186 -0.291 -0.082        -0.042      -0.093       0.007       0.950               1.000                  NaN             -0.144             -0.186      -0.125            0.886
ALL core36+ds200      4h        base  109        11   -0.042 -0.258  0.263         0.000         NaN         NaN         NaN               1.000                  NaN             -0.042             -0.042      -0.042            2.016
ALL core36+ds200      4h        zero  109        11    0.018 -0.204  0.329         0.060       0.037       0.075       0.000               1.000                  NaN             -0.042              0.018       0.018            2.016
ALL core36+ds200      4h         fee  109        11   -0.028 -0.235  0.267         0.014      -0.008       0.028       0.078               1.000                  NaN             -0.042             -0.028      -0.028            2.016
ALL core36+ds200      4h        real  109        11   -0.032 -0.254  0.266         0.010      -0.012       0.024       0.147               1.000                  NaN             -0.042             -0.032      -0.032            2.016
ALL core36+ds200      4h    real_bnb  109        11   -0.027 -0.247  0.279         0.014      -0.007       0.029       0.074               1.000                  NaN             -0.042             -0.027      -0.028            2.016
ALL core36+ds200      4h mk_fee_only  109        11   -0.023 -0.239  0.280         0.019      -0.003       0.033       0.038               1.000                  NaN             -0.042             -0.023      -0.023            2.016
ALL core36+ds200      4h    zero_lad  109        11    0.062 -0.183  0.368         0.104      -0.032       0.254       0.078               1.000                  NaN             -0.042              0.062       0.062            2.016
ALL core36+ds200      4h     fee_lad  109        11   -0.027 -0.253  0.282         0.015      -0.005       0.037       0.066               1.000                  NaN             -0.042             -0.027      -0.028            2.016
ALL core36+ds200      4h    real_lad  109        11   -0.074 -0.278  0.202        -0.032      -0.121       0.019       0.768               1.000                  NaN             -0.042             -0.074      -0.075            2.016
ALL core36+ds200      4h    mk_touch  109        11   -0.030 -0.258  0.277         0.012      -0.012       0.024       0.119               0.991                0.794             -0.050             -0.030      -0.030            2.016
ALL core36+ds200      4h        mk10  109        11   -0.036 -0.230  0.233         0.006      -0.077       0.063       0.398               0.972                0.969             -0.071             -0.037      -0.039            2.016
ALL core36+ds200      4h        mk25  109        11   -0.008 -0.206  0.235         0.034      -0.139       0.178       0.316               0.651                0.224             -0.184             -0.012      -0.013            2.016
ALL core36+ds200      4h  mk25_shift  109        11   -0.025 -0.250  0.217         0.017      -0.159       0.161       0.417               0.651                0.224             -0.184             -0.038      -0.037            2.016
ALL core36+ds200      4h         w25  109        11   -0.060 -0.319  0.296        -0.018      -0.072       0.043       0.728               1.000                  NaN             -0.042             -0.060      -0.048            2.016
ALL core36+ds200      4h         w30  109        11   -0.108 -0.398  0.252        -0.066      -0.159       0.023       0.930               1.000                  NaN             -0.042             -0.108      -0.072            2.016
                 run    grp  tf scenario    n  clusters  mean_Rb  ci_lo  ci_hi  diff_vs_base  diff_ci_lo  diff_ci_hi  p_diff_le0  fill_or_trade_rate  base_Rb_of_unfilled  base_Rb_of_filled  scen_Rb_of_filled  mean_R_own  median_stop_pct
             current core36 15m     base  861        36   -0.021 -0.243  0.215         0.000         NaN         NaN         NaN               1.000                  NaN             -0.021             -0.021      -0.021            0.606
             current core36 15m     zero  861        36    0.198 -0.018  0.461         0.219       0.154       0.284       0.000               1.000                  NaN             -0.021              0.198       0.208            0.606
             current core36 15m     real  861        36   -0.028 -0.245  0.235        -0.007      -0.070       0.059       0.583               1.000                  NaN             -0.021             -0.028      -0.023            0.606
             current core36 15m mk_touch  861        36   -0.020 -0.202  0.198         0.001      -0.077       0.069       0.460               0.865                0.302             -0.071             -0.023      -0.022            0.606
             current core36 15m     mk25  861        36   -0.062 -0.186  0.058        -0.041      -0.194       0.098       0.657               0.618                0.237             -0.180             -0.100      -0.116            0.606
             current core36 15m      w30  861        36   -0.069 -0.315  0.186        -0.048      -0.125       0.042       0.864               1.000                  NaN             -0.021             -0.069      -0.046            0.606
run-20261005T183457Z core36 15m     base  391        17   -0.364 -0.526 -0.189         0.000         NaN         NaN         NaN               1.000                  NaN             -0.364             -0.364      -0.364            0.760
run-20261005T183457Z core36 15m     zero  391        17   -0.173 -0.332 -0.005         0.191       0.169       0.219       0.000               1.000                  NaN             -0.364             -0.173      -0.178            0.760
run-20261005T183457Z core36 15m     real  391        17   -0.348 -0.505 -0.181         0.015      -0.008       0.038       0.102               1.000                  NaN             -0.364             -0.348      -0.352            0.760
run-20261005T183457Z core36 15m mk_touch  391        17   -0.310 -0.443 -0.172         0.053       0.007       0.101       0.012               0.898                0.228             -0.431             -0.346      -0.359            0.760
run-20261005T183457Z core36 15m     mk25  391        17   -0.255 -0.361 -0.133         0.109       0.004       0.226       0.020               0.655                0.132             -0.625             -0.389      -0.458            0.760
run-20261005T183457Z core36 15m      w30  391        17   -0.442 -0.626 -0.243        -0.078      -0.149       0.014       0.951               1.000                  NaN             -0.364             -0.442      -0.297            0.760
             current core36  1h     base  289        36   -0.055 -0.212  0.091         0.000         NaN         NaN         NaN               1.000                  NaN             -0.055             -0.055      -0.055            1.239
             current core36  1h     zero  289        36    0.057 -0.095  0.209         0.112       0.098       0.128       0.000               1.000                  NaN             -0.055              0.057       0.058            1.239
             current core36  1h     real  289        36   -0.040 -0.194  0.109         0.014       0.001       0.031       0.016               1.000                  NaN             -0.055             -0.040      -0.042            1.239
             current core36  1h mk_touch  289        36   -0.052 -0.200  0.103         0.003      -0.057       0.042       0.390               0.931                0.435             -0.091             -0.056      -0.057            1.239
             current core36  1h     mk25  289        36   -0.004 -0.129  0.109         0.051      -0.059       0.159       0.180               0.685                0.287             -0.212             -0.005      -0.006            1.239
             current core36  1h      w30  289        36   -0.103 -0.287  0.069        -0.048      -0.110       0.022       0.915               1.000                  NaN             -0.055             -0.103      -0.069            1.239
run-20261005T183457Z core36  1h     base  117        17   -0.355 -0.539 -0.170         0.000         NaN         NaN         NaN               1.000                  NaN             -0.355             -0.355      -0.355            1.399
run-20261005T183457Z core36  1h     zero  117        17   -0.244 -0.403 -0.070         0.111       0.069       0.148       0.000               1.000                  NaN             -0.355             -0.244      -0.249            1.399
run-20261005T183457Z core36  1h     real  117        17   -0.334 -0.501 -0.151         0.021       0.000       0.048       0.022               1.000                  NaN             -0.355             -0.334      -0.339            1.399
run-20261005T183457Z core36  1h mk_touch  117        17   -0.322 -0.475 -0.151         0.033      -0.007       0.070       0.050               0.991                0.553             -0.363             -0.325      -0.332            1.399
run-20261005T183457Z core36  1h     mk25  117        17   -0.151 -0.263 -0.033         0.205       0.042       0.373       0.006               0.709               -0.147             -0.441             -0.212      -0.248            1.399
run-20261005T183457Z core36  1h      w30  117        17   -0.339 -0.632 -0.047         0.016      -0.170       0.233       0.455               1.000                  NaN             -0.355             -0.339      -0.228            1.399
             current core36 30m     base  438        36   -0.103 -0.249  0.037         0.000         NaN         NaN         NaN               1.000                  NaN             -0.103             -0.103      -0.103            0.886
             current core36 30m     zero  438        36    0.069 -0.075  0.212         0.171       0.148       0.197       0.000               1.000                  NaN             -0.103              0.069       0.070            0.886
             current core36 30m     real  438        36   -0.083 -0.229  0.058         0.019       0.001       0.040       0.020               1.000                  NaN             -0.103             -0.083      -0.083            0.886
             current core36 30m mk_touch  438        36   -0.082 -0.216  0.054         0.020      -0.052       0.083       0.253               0.888                0.333             -0.157             -0.093      -0.096            0.886
             current core36 30m     mk25  438        36   -0.055 -0.171  0.079         0.047      -0.057       0.159       0.180               0.591                0.109             -0.249             -0.093      -0.108            0.886
             current core36 30m      w30  438        36   -0.144 -0.317  0.016        -0.042      -0.101       0.021       0.914               1.000                  NaN             -0.103             -0.144      -0.097            0.886
run-20261005T183457Z core36 30m     base  201        17   -0.240 -0.386 -0.081         0.000         NaN         NaN         NaN               1.000                  NaN             -0.240             -0.240      -0.240            1.015
run-20261005T183457Z core36 30m     zero  201        17   -0.096 -0.238  0.053         0.144       0.121       0.173       0.000               1.000                  NaN             -0.240             -0.096      -0.098            1.015
run-20261005T183457Z core36 30m     real  201        17   -0.219 -0.359 -0.064         0.021      -0.000       0.048       0.026               1.000                  NaN             -0.240             -0.219      -0.221            1.015
run-20261005T183457Z core36 30m mk_touch  201        17   -0.217 -0.354 -0.075         0.023      -0.020       0.077       0.163               0.920                0.346             -0.291             -0.235      -0.241            1.015
run-20261005T183457Z core36 30m     mk25  201        17   -0.062 -0.180  0.051         0.178       0.074       0.285       0.000               0.607               -0.008             -0.390             -0.102      -0.119            1.015
run-20261005T183457Z core36 30m      w30  201        17   -0.288 -0.511 -0.062        -0.048      -0.150       0.085       0.779               1.000                  NaN             -0.240             -0.288      -0.193            1.015
             current core36  4h     base   37         9    0.078 -0.352  0.636         0.000         NaN         NaN         NaN               1.000                  NaN              0.078              0.078       0.078            2.017
             current core36  4h     zero   37         9    0.103 -0.372  0.670         0.025      -0.065       0.070       0.251               1.000                  NaN              0.078              0.103       0.104            2.017
             current core36  4h     real   37         9    0.057 -0.419  0.643        -0.021      -0.114       0.022       0.649               1.000                  NaN              0.078              0.057       0.058            2.017
             current core36  4h mk_touch   37         9    0.061 -0.416  0.616        -0.016      -0.106       0.023       0.664               1.000                  NaN              0.078              0.061       0.062            2.017
             current core36  4h     mk25   37         9    0.093 -0.226  0.486         0.015      -0.275       0.212       0.418               0.892                0.707              0.002              0.105       0.122            2.017
             current core36  4h      w30   37         9    0.076 -0.392  0.639        -0.002      -0.119       0.100       0.534               1.000                  NaN              0.078              0.076       0.051            2.017
run-20261005T183457Z core36  4h     base    5         2   -0.008 -0.079  0.040         0.000         NaN         NaN         NaN               1.000                  NaN             -0.008             -0.008      -0.008            2.555
run-20261005T183457Z core36  4h     zero    5         2    0.014 -0.015  0.034         0.022      -0.006       0.063       0.246               1.000                  NaN             -0.008              0.014       0.014            2.555
run-20261005T183457Z core36  4h     real    5         2   -0.034 -0.063 -0.015        -0.026      -0.055       0.016       0.750               1.000                  NaN             -0.008             -0.034      -0.035            2.555
run-20261005T183457Z core36  4h mk_touch    5         2   -0.026 -0.054 -0.008        -0.019      -0.047       0.024       0.760               1.000                  NaN             -0.008             -0.026      -0.027            2.555
run-20261005T183457Z core36  4h     mk25    5         2    0.180  0.068  0.255         0.188       0.147       0.215       0.000               1.000                  NaN             -0.008              0.180       0.207            2.555
run-20261005T183457Z core36  4h      w30    5         2   -0.008 -0.079  0.040         0.000       0.000       0.000       1.000               1.000                  NaN             -0.008             -0.008      -0.005            2.555
             current  ds200 15m     base 1172        37   -0.077 -0.204  0.071         0.000         NaN         NaN         NaN               1.000                  NaN             -0.077             -0.077      -0.077            0.606
             current  ds200 15m     zero 1172        37    0.142  0.020  0.288         0.218       0.153       0.271       0.000               1.000                  NaN             -0.077              0.142       0.149            0.606
             current  ds200 15m     real 1172        37   -0.070 -0.194  0.069         0.006      -0.059       0.064       0.403               1.000                  NaN             -0.077             -0.070      -0.066            0.606
             current  ds200 15m mk_touch 1172        37   -0.057 -0.164  0.073         0.020      -0.058       0.090       0.295               0.893                0.323             -0.125             -0.064      -0.066            0.606
             current  ds200 15m     mk25 1172        37   -0.063 -0.135  0.018         0.014      -0.092       0.120       0.386               0.667                0.295             -0.262             -0.095      -0.109            0.606
             current  ds200 15m      w30 1172        37   -0.139 -0.249 -0.015        -0.062      -0.118      -0.001       0.978               1.000                  NaN             -0.077             -0.139      -0.093            0.606
             current  ds200  1h     base  368        35   -0.125 -0.223 -0.028         0.000         NaN         NaN         NaN               1.000                  NaN             -0.125             -0.125      -0.125            1.251
             current  ds200  1h     zero  368        35   -0.002 -0.105  0.099         0.124       0.097       0.150       0.000               1.000                  NaN             -0.125             -0.002      -0.002            1.251
             current  ds200  1h     real  368        35   -0.104 -0.210 -0.003         0.022      -0.006       0.049       0.058               1.000                  NaN             -0.125             -0.104      -0.104            1.251
             current  ds200  1h mk_touch  368        35   -0.128 -0.233 -0.015        -0.003      -0.093       0.067       0.460               0.924                0.484             -0.176             -0.139      -0.142            1.251
             current  ds200  1h     mk25  368        35   -0.078 -0.174  0.027         0.048      -0.043       0.136       0.138               0.609                0.123             -0.285             -0.128      -0.148            1.251
             current  ds200  1h      w30  368        35   -0.138 -0.302  0.011        -0.013      -0.088       0.060       0.626               1.000                  NaN             -0.125             -0.138      -0.092            1.251
             current  ds200 30m     base  620        36   -0.142 -0.253 -0.028         0.000         NaN         NaN         NaN               1.000                  NaN             -0.142             -0.142      -0.142            0.862
             current  ds200 30m     zero  620        36    0.019 -0.089  0.130         0.160       0.128       0.194       0.000               1.000                  NaN             -0.142              0.019       0.020            0.862
             current  ds200 30m     real  620        36   -0.134 -0.242 -0.030         0.008      -0.026       0.042       0.328               1.000                  NaN             -0.142             -0.134      -0.135            0.862
             current  ds200 30m mk_touch  620        36   -0.124 -0.239  0.001         0.018      -0.040       0.072       0.264               0.882                0.293             -0.200             -0.140      -0.145            0.862
             current  ds200 30m     mk25  620        36   -0.131 -0.219 -0.047         0.011      -0.092       0.105       0.406               0.613                0.282             -0.410             -0.213      -0.249            0.862
             current  ds200 30m      w30  620        36   -0.183 -0.294 -0.069        -0.041      -0.108       0.033       0.874               1.000                  NaN             -0.142             -0.183      -0.123            0.862
             current  ds200  4h     base   67         9   -0.111 -0.348  0.249         0.000         NaN         NaN         NaN               1.000                  NaN             -0.111             -0.111      -0.111            2.016
             current  ds200  4h     zero   67         9   -0.029 -0.286  0.373         0.082       0.036       0.134       0.001               1.000                  NaN             -0.111             -0.029      -0.029            2.016
             current  ds200  4h     real   67         9   -0.081 -0.341  0.345         0.030      -0.015       0.081       0.090               1.000                  NaN             -0.111             -0.081      -0.082            2.016
             current  ds200  4h mk_touch   67         9   -0.080 -0.352  0.335         0.030      -0.020       0.088       0.105               0.985                0.794             -0.124             -0.082      -0.082            2.016
             current  ds200  4h     mk25   67         9   -0.077 -0.259  0.089         0.033      -0.302       0.272       0.382               0.493                0.167             -0.397             -0.157      -0.180            2.016
             current  ds200  4h      w30   67         9   -0.217 -0.515  0.201        -0.106      -0.191      -0.003       0.977               1.000                  NaN             -0.111             -0.217      -0.145            2.016
scenario      base    fee  fee_lad   mk10   mk25  mk25_shift  mk_fee_only  mk_touch   real  real_bnb  real_lad    w25    w30   zero  zero_lad
grp      tf                                                                                                                                  
coinflip 15m   0.0  0.059   -0.053 -0.056 -0.042       0.013        0.076     0.008  0.041     0.058    -0.018  0.060  0.058  0.232     0.190
         1h    0.0 -0.019    0.035  0.037 -0.102      -0.123       -0.011     0.006 -0.032    -0.024    -0.021 -0.041 -0.082  0.055     0.042
         30m   0.0  0.130    0.141  0.167  0.276       0.335        0.143     0.181  0.121     0.133     0.110  0.086  0.109  0.258     0.269
         4h    0.0  0.016    0.006  0.046  0.083       0.021        0.022     0.022  0.016     0.021     0.006 -0.123  0.000  0.070     0.035
core36   15m   0.0  0.049    0.000  0.016 -0.004      -0.009        0.065     0.013 -0.001     0.015    -0.038 -0.032 -0.063  0.214     0.214
         1h    0.0  0.030    0.024  0.004  0.084       0.093        0.038     0.011  0.018     0.027     0.025 -0.021 -0.044  0.115     0.147
         30m   0.0  0.051    0.046  0.018  0.084       0.074        0.063     0.019  0.020     0.032    -0.004 -0.028 -0.055  0.167     0.172
         4h    0.0 -0.038    0.106  0.105 -0.033      -0.055       -0.034    -0.037 -0.041    -0.036    -0.055 -0.041 -0.082  0.006     0.120
ds200    15m   0.0  0.042   -0.005  0.013  0.008      -0.014        0.060     0.018  0.006     0.024    -0.025 -0.040 -0.065  0.220     0.184
         1h    0.0  0.039    0.072  0.035  0.031       0.019        0.048    -0.003  0.023     0.032     0.069 -0.003 -0.039  0.124     0.123
         30m   0.0  0.040    0.040  0.006  0.003      -0.000        0.052     0.014  0.010     0.022     0.006 -0.021 -0.043  0.163     0.157
         4h    0.0  0.042   -0.052 -0.097  0.035       0.011        0.047     0.033  0.034     0.039    -0.064 -0.088 -0.175  0.089     0.111
  symbol  tf   n  median_stop_pct   base   zero    fee   real  real_bnb  mk_fee_only  zero_lad  fee_lad  real_lad  mk_touch   mk10   mk25  mk25_shift    w25    w30  cost_paper  cost_real  cost_real_bnb
 BCHUSDT 15m 421            0.642 -0.115  0.089 -0.062 -0.216    -0.201       -0.047     0.109   -0.077    -0.244    -0.041 -0.031 -0.038      -0.044 -0.154 -0.104       0.205      0.305          0.290
 BCHUSDT  1h 119            1.242  0.004  0.103  0.028 -0.012    -0.005        0.035     0.046   -0.039    -0.018    -0.001 -0.044  0.020       0.030  0.037 -0.008       0.098      0.115          0.107
 BCHUSDT 30m 206            0.893 -0.093  0.048 -0.058 -0.161    -0.151       -0.047     0.058   -0.082    -0.201    -0.057 -0.070 -0.129      -0.120 -0.034 -0.052       0.141      0.210          0.199
 BTCUSDT 15m 364            0.470 -0.239  0.107 -0.113 -0.115    -0.093       -0.091     0.101   -0.145    -0.146    -0.151 -0.119 -0.092      -0.094 -0.208 -0.236       0.346      0.222          0.200
 BTCUSDT  1h 126            0.915 -0.070  0.099 -0.009 -0.010     0.001        0.002     0.078    0.007     0.007    -0.036  0.005  0.031       0.093 -0.026 -0.076       0.169      0.109          0.099
 BTCUSDT 30m 203            0.669 -0.235  0.013 -0.137 -0.139    -0.124       -0.122    -0.007   -0.197    -0.198    -0.179 -0.218 -0.147      -0.143 -0.251 -0.256       0.249      0.152          0.137
 BTCUSDT  4h  29            1.872 -0.018  0.097  0.044  0.043     0.048        0.049     0.007    0.038     0.037     0.049 -0.059 -0.110      -0.132 -0.060 -0.103       0.114      0.054          0.048
DOGEUSDT 15m 401            0.742 -0.158  0.072 -0.067 -0.098    -0.084       -0.053     0.053   -0.112    -0.099    -0.123 -0.147 -0.166      -0.182 -0.197 -0.265       0.230      0.170          0.156
DOGEUSDT  1h 122            1.552 -0.141 -0.074 -0.138 -0.154    -0.148       -0.132    -0.030   -0.143    -0.153    -0.170 -0.103 -0.104      -0.130 -0.175 -0.193       0.067      0.080          0.073
DOGEUSDT 30m 192            1.060 -0.198 -0.046 -0.140 -0.174    -0.165       -0.130    -0.040   -0.149    -0.169    -0.184 -0.166 -0.089      -0.093 -0.252 -0.249       0.152      0.128          0.119
 ETHUSDT 15m 417            0.468  0.264  0.405  0.184  0.195     0.217        0.206     0.332    0.032     0.070     0.103  0.062 -0.024      -0.021  0.263  0.267       0.141      0.210          0.188
 ETHUSDT  1h 143            0.944 -0.102  0.023 -0.082 -0.084    -0.073       -0.071     0.054    0.020     0.030    -0.151 -0.150 -0.143      -0.148 -0.137 -0.183       0.125      0.107          0.096
 ETHUSDT 30m 224            0.679 -0.085  0.084 -0.064 -0.067    -0.052       -0.049     0.128    0.038    -0.023    -0.096 -0.058  0.003      -0.025 -0.134 -0.229       0.168      0.151          0.136
 ETHUSDT  4h  39            1.990 -0.029  0.002 -0.046 -0.047    -0.042       -0.041     0.161   -0.134    -0.150    -0.041 -0.086  0.096       0.077 -0.130 -0.232       0.031      0.049          0.045
 LTCUSDT 15m 386            0.755 -0.207 -0.032 -0.161 -0.227    -0.214       -0.148    -0.039   -0.177    -0.227    -0.191 -0.174 -0.133      -0.171 -0.305 -0.368       0.175      0.195          0.182
 LTCUSDT  1h 118            1.562 -0.136 -0.056 -0.118 -0.147    -0.141       -0.112    -0.061   -0.131    -0.158    -0.116 -0.104 -0.045      -0.047 -0.153 -0.216       0.080      0.091          0.085
 LTCUSDT 30m 204            1.076 -0.141 -0.024 -0.114 -0.154    -0.145       -0.105    -0.055   -0.134    -0.172    -0.149 -0.146 -0.132      -0.105 -0.110 -0.127       0.118      0.130          0.121
 SOLUSDT 15m 435            0.681 -0.188  0.016 -0.137 -0.147    -0.132       -0.122     0.014   -0.144    -0.150    -0.122 -0.114 -0.114      -0.132 -0.239 -0.296       0.204      0.164          0.148
 SOLUSDT  1h 146            1.251 -0.325 -0.172 -0.252 -0.261    -0.253       -0.244    -0.080   -0.225    -0.266    -0.269 -0.224 -0.103      -0.121 -0.302 -0.236       0.152      0.089          0.081
 SOLUSDT 30m 230            0.929 -0.123  0.020 -0.089 -0.097    -0.086       -0.078     0.037   -0.097    -0.110    -0.091 -0.087 -0.077      -0.109 -0.207 -0.204       0.143      0.117          0.106
 SOLUSDT  4h  41            2.659 -0.072 -0.023 -0.060 -0.071    -0.067       -0.057     0.006    0.028    -0.082    -0.075  0.029 -0.034      -0.046  0.007  0.007       0.048      0.047          0.044
