         grp timeframe    n  clusters  median_stop_pct  net_R_paper  gross_R  gross_ci_lo  gross_ci_hi  cost_R_paper  cost_R_real  cost_R_real_bnb  cost_R_mk_entry  cost_R_maker2  cost_bps_real  funding_R  ai_edge_needed_paper_vs_live_gross
    coinflip       15m   53        32            0.634        0.018    0.257        0.031        0.479         0.238        0.214            0.197            0.136          0.068         13.050     -0.001                              -0.018
    coinflip        1h    6         6            1.426        0.069    0.172       -0.315        0.469         0.103        0.091            0.084            0.056          0.029         12.537     -0.001                              -0.069
    coinflip       30m   18        16            0.792       -0.419   -0.241       -0.577        0.114         0.178        0.139            0.126            0.093          0.051         11.375     -0.000                               0.419
    coinflip        4h    3         3            1.953       -0.206   -0.140          NaN          NaN         0.066        0.048            0.044            0.033          0.018         10.432     -0.001                               0.206
      core36       15m 1252        53            0.654       -0.128    0.098       -0.067        0.292         0.226        0.205            0.189            0.130          0.064         13.137     -0.000                               0.128
      core36        1h  406        53            1.240       -0.141   -0.025       -0.154        0.104         0.116        0.105            0.097            0.067          0.033         13.119      0.000                               0.141
      core36       30m  639        53            0.920       -0.146    0.012       -0.102        0.129         0.158        0.143            0.131            0.091          0.045         13.053      0.000                               0.146
      core36        4h   42        11            2.203        0.068    0.129       -0.243        0.595         0.062        0.046            0.042            0.031          0.017         10.538     -0.001                              -0.068
       ds200       15m 1172        37            0.606       -0.077    0.169        0.044        0.310         0.246        0.225            0.208            0.143          0.070         13.273     -0.001                               0.077
       ds200        1h  368        35            1.251       -0.125   -0.009       -0.109        0.090         0.117        0.103            0.095            0.066          0.033         12.807      0.000                               0.125
       ds200       30m  620        36            0.862       -0.142    0.027       -0.079        0.138         0.169        0.153            0.141            0.098          0.048         13.149     -0.000                               0.142
       ds200        4h   67         9            2.016       -0.111   -0.045       -0.278        0.318         0.065        0.049            0.044            0.034          0.019         10.431      0.001                               0.111
core36+ds200       15m 2424        54            0.620       -0.103    0.132        0.001        0.286         0.236        0.215            0.198            0.136          0.067         13.203     -0.000                               0.103
core36+ds200        1h  774        53            1.244       -0.134   -0.017       -0.113        0.074         0.116        0.104            0.096            0.067          0.033         12.970      0.000                               0.134
core36+ds200       30m 1259        53            0.886       -0.144    0.020       -0.072        0.113         0.163        0.148            0.136            0.094          0.047         13.100     -0.000                               0.144
core36+ds200        4h  109        11            2.016       -0.042    0.022       -0.192        0.340         0.064        0.048            0.043            0.033          0.019         10.473      0.000                               0.042
timeframe   symbol   n  clusters  median_stop_pct  net_R_paper  gross_R  gross_ci_lo  gross_ci_hi  cost_R_paper  cost_R_real  cost_R_real_bnb  cost_R_mk_entry  cost_R_maker2  cost_bps_real  funding_R  ai_edge_needed_paper_vs_live_gross
      15m  BCHUSDT 421        53            0.642       -0.115    0.095       -0.075        0.259         0.211        0.291            0.276            0.174          0.059         19.313     -0.002                               0.115
      15m  BTCUSDT 364        52            0.470       -0.239    0.069       -0.113        0.263         0.308        0.222            0.200            0.156          0.088         10.104      0.000                               0.239
      15m DOGEUSDT 401        51            0.742       -0.158    0.036       -0.101        0.174         0.194        0.172            0.158            0.107          0.055         12.402     -0.000                               0.158
      15m  ETHUSDT 417        52            0.468        0.264    0.572        0.100        1.165         0.308        0.225            0.202            0.157          0.087         10.199     -0.001                              -0.264
      15m  LTCUSDT 386        54            0.755       -0.207   -0.025       -0.147        0.103         0.181        0.208            0.195            0.115          0.052         16.027     -0.000                               0.207
      15m  SOLUSDT 435        51            0.681       -0.188    0.028       -0.106        0.169         0.216        0.170            0.154            0.110          0.062         10.994      0.000                               0.188
       1h  BCHUSDT 119        45            1.242        0.004    0.109       -0.076        0.288         0.105        0.145            0.138            0.087          0.030         19.313     -0.000                              -0.004
       1h  BTCUSDT 126        43            0.915       -0.070    0.082       -0.068        0.213         0.151        0.109            0.099            0.077          0.043         10.104     -0.000                               0.070
       1h DOGEUSDT 122        46            1.552       -0.141   -0.051       -0.219        0.103         0.090        0.080            0.074            0.050          0.026         12.402      0.000                               0.141
       1h  ETHUSDT 143        46            0.944       -0.102    0.045       -0.188        0.257         0.147        0.107            0.097            0.075          0.042         10.199      0.000                               0.102
       1h  LTCUSDT 118        40            1.562       -0.136   -0.050       -0.223        0.137         0.087        0.100            0.093            0.055          0.025         16.027      0.000                               0.136
       1h  SOLUSDT 146        43            1.251       -0.325   -0.213       -0.367       -0.053         0.112        0.088            0.080            0.057          0.032         10.994      0.000                               0.325
      30m  BCHUSDT 206        48            0.893       -0.093    0.056       -0.098        0.206         0.149        0.206            0.195            0.123          0.042         19.313     -0.000                               0.093
      30m  BTCUSDT 203        47            0.669       -0.235   -0.024       -0.208        0.148         0.211        0.152            0.137            0.107          0.060         10.104     -0.000                               0.235
      30m DOGEUSDT 192        49            1.060       -0.198   -0.067       -0.224        0.086         0.131        0.117            0.107            0.072          0.038         12.402      0.000                               0.198
      30m  ETHUSDT 224        48            0.679       -0.085    0.123       -0.091        0.349         0.207        0.151            0.136            0.106          0.060         10.199      0.000                               0.085
      30m  LTCUSDT 204        51            1.076       -0.141   -0.016       -0.146        0.110         0.126        0.144            0.135            0.080          0.036         16.027     -0.000                               0.141
      30m  SOLUSDT 230        51            0.929       -0.123    0.029       -0.174        0.244         0.152        0.119            0.108            0.077          0.043         10.994     -0.001                               0.123
       4h  BTCUSDT  29         8            1.872       -0.018    0.057       -0.335        0.562         0.074        0.054            0.048            0.038          0.021         10.104     -0.000                               0.018
       4h  ETHUSDT  39         9            1.990       -0.029    0.040       -0.541        0.669         0.069        0.051            0.046            0.036          0.021         10.199      0.001                               0.029
       4h  SOLUSDT  41        10            2.659       -0.072   -0.020       -0.237        0.183         0.052        0.041            0.037            0.026          0.015         10.994      0.000                               0.072
timeframe     stop_bin   n  net_R_paper  gross_R  gross_ci_lo  gross_ci_hi  cost_R_paper  cost_R_real
      15m      (0, 40] 279        0.600    0.985        0.238        1.869         0.385        0.280
      15m   (100, 125]  85        0.067    0.192       -0.025        0.320         0.125        0.136
      15m   (125, 150]  11        0.321    0.420        0.372        0.506         0.099        0.088
      15m     (40, 50] 209       -0.303    0.003       -0.170        0.222         0.306        0.227
      15m     (50, 60] 578       -0.210    0.044       -0.126        0.217         0.253        0.239
      15m     (60, 70] 493       -0.280   -0.063       -0.209        0.092         0.217        0.214
      15m     (70, 80] 416       -0.148    0.038       -0.074        0.142         0.186        0.190
      15m    (80, 100] 353       -0.121    0.040       -0.098        0.171         0.161        0.170
       1h   (100, 125] 168       -0.055    0.067       -0.154        0.242         0.122        0.119
       1h   (125, 150] 204       -0.221   -0.118       -0.240        0.014         0.102        0.100
       1h   (150, 200] 169       -0.116   -0.032       -0.176        0.100         0.084        0.089
       1h (200, 10000]  13       -0.169   -0.104       -0.230        0.052         0.065        0.058
       1h     (70, 80]   9        0.060    0.242        0.134        0.592         0.183        0.132
       1h    (80, 100] 211       -0.133    0.019       -0.185        0.200         0.152        0.111
      30m   (100, 125] 305       -0.126    0.002       -0.140        0.151         0.129        0.136
      30m   (125, 150]  94       -0.093    0.011       -0.154        0.160         0.104        0.112
      30m   (150, 200]  22       -0.057    0.031       -0.110        0.161         0.087        0.089
      30m     (50, 60] 123       -0.132    0.114       -0.094        0.323         0.246        0.179
      30m     (60, 70] 123       -0.263   -0.046       -0.314        0.238         0.217        0.157
      30m     (70, 80] 180       -0.103    0.081       -0.150        0.326         0.184        0.155
      30m    (80, 100] 412       -0.159   -0.002       -0.140        0.128         0.157        0.153
       4h   (150, 200]  52        0.097    0.170       -0.407        0.724         0.073        0.053
       4h (200, 10000]  57       -0.169   -0.113       -0.284        0.078         0.056        0.043
          paper taker 14bp  real taker BCH  real taker BTC  real taker DOGE  real taker ETH  real taker LTC  real taker SOL  real taker BTC + BNB  maker entry + taker stop (BTC)  maker entry + taker stop (SOL)  maker both legs
stop_pct                                                                                                                                                                                                                          
0.3%                 0.467           0.644           0.337            0.413           0.340           0.534           0.366                 0.303                           0.236                           0.237            0.133
0.4%                 0.350           0.483           0.253            0.310           0.255           0.401           0.275                 0.228                           0.177                           0.177            0.100
0.5%                 0.280           0.386           0.202            0.248           0.204           0.321           0.220                 0.182                           0.142                           0.142            0.080
0.6%                 0.233           0.322           0.168            0.207           0.170           0.267           0.183                 0.152                           0.118                           0.118            0.067
0.7%                 0.200           0.276           0.144            0.177           0.146           0.229           0.157                 0.130                           0.101                           0.101            0.057
0.8%                 0.175           0.241           0.126            0.155           0.127           0.200           0.137                 0.114                           0.089                           0.089            0.050
0.9%                 0.156           0.215           0.112            0.138           0.113           0.178           0.122                 0.101                           0.079                           0.079            0.044
1.0%                 0.140           0.193           0.101            0.124           0.102           0.160           0.110                 0.091                           0.071                           0.071            0.040
1.25%                0.112           0.155           0.081            0.099           0.082           0.128           0.088                 0.073                           0.057                           0.057            0.032
1.5%                 0.093           0.129           0.067            0.083           0.068           0.107           0.073                 0.061                           0.047                           0.047            0.027
2.0%                 0.070           0.097           0.051            0.062           0.051           0.080           0.055                 0.046                           0.035                           0.035            0.020
3.0%                 0.047           0.064           0.034            0.041           0.034           0.053           0.037                 0.030                           0.024                           0.024            0.013
 leverage                      margin_rule  notional_x_equity  cost_pct_equity_paper  cost_pct_equity_real_btc  cost_pct_equity_3_trades_day_paper  cost_pct_equity_per_30d_at_3_per_day_paper
       10 margin = leverage % (quality_v1)                1.0                   0.14                     0.101                                0.42                                        12.6
       10                 margin 20% fixed                2.0                   0.28                     0.202                                0.84                                        25.2
       20 margin = leverage % (quality_v1)                4.0                   0.56                     0.404                                1.68                                        50.4
       20                 margin 20% fixed                4.0                   0.56                     0.404                                1.68                                        50.4
       30 margin = leverage % (quality_v1)                9.0                   1.26                     0.909                                3.78                                       113.4
       30                 margin 20% fixed                6.0                   0.84                     0.606                                2.52                                        75.6
       40 margin = leverage % (quality_v1)               16.0                   2.24                     1.617                                6.72                                       201.6
       40                 margin 20% fixed                8.0                   1.12                     0.808                                3.36                                       100.8
       50 margin = leverage % (quality_v1)               25.0                   3.50                     2.526                               10.50                                       315.0
       50                 margin 20% fixed               10.0                   1.40                     1.010                                4.20                                       126.0
