 tf    coin   q10   q25   q50   q75    q90  sig_bar_median
15m  BCHUSD 0.587 0.780 1.069 1.477  2.111           1.074
15m  BTCUSD 0.321 0.471 0.695 0.999  1.407           0.699
15m DOGEUSD 0.624 0.856 1.201 1.750  2.651           1.202
15m  ETHUSD 0.456 0.644 0.924 1.308  1.799           0.933
15m  LTCUSD 0.558 0.743 1.059 1.512  2.127           1.063
15m  SOLUSD 0.724 0.958 1.343 1.893  2.647           1.350
 1h  BCHUSD 1.310 1.714 2.258 3.001  4.192           2.256
 1h  BTCUSD 0.760 1.058 1.469 2.001  2.782           1.467
 1h DOGEUSD 1.403 1.880 2.528 3.533  5.349           2.526
 1h  ETHUSD 1.069 1.435 1.935 2.652  3.535           1.934
 1h  LTCUSD 1.241 1.595 2.223 3.081  4.245           2.221
 1h  SOLUSD 1.607 2.047 2.773 3.825  5.244           2.774
30m  BCHUSD 0.876 1.155 1.552 2.104  2.968           1.549
30m  BTCUSD 0.494 0.708 1.009 1.411  1.972           1.006
30m DOGEUSD 0.930 1.266 1.739 2.484  3.756           1.733
30m  ETHUSD 0.700 0.961 1.335 1.855  2.516           1.334
30m  LTCUSD 0.831 1.090 1.528 2.153  3.006           1.525
30m  SOLUSD 1.076 1.396 1.926 2.680  3.724           1.926
 4h  BCHUSD 2.964 3.774 4.800 6.031  8.409           4.800
 4h  BTCUSD 1.841 2.292 3.050 4.129  5.526           3.050
 4h DOGEUSD 3.276 4.125 5.382 7.167 10.687           5.382
 4h  ETHUSD 2.482 3.123 4.057 5.405  7.193           4.057
 4h  LTCUSD 2.731 3.411 4.647 6.357  8.539           4.647
 4h  SOLUSD 3.526 4.405 5.690 7.924 10.564           5.690
15m     ALL 0.501 0.714 1.035 1.501  2.168           1.039
 1h     ALL 1.129 1.554 2.174 3.048  4.334           2.173
30m     ALL 0.752 1.053 1.496 2.135  3.058           1.493
 4h     ALL 2.514 3.359 4.593 6.241  8.711           4.593
year   2021   2022   2023   2024   2025   2026
tf                                            
15m   1.600  1.154  0.787  1.002  0.993  0.763
1h    3.308  2.435  1.695  2.089  2.118  1.622
30m   2.296  1.670  1.155  1.444  1.445  1.114
4h    6.976  5.177  3.664  4.390  4.437  3.369
last 2 months median {'15m': 0.705, '1h': 1.516, '30m': 1.031, '4h': 3.176}
 tf    coin  live_median_stop_pct  fiveyear_median_stop_pct  fiveyear_sigbar_median_stop_pct  live_percentile_in_5y  paper_cost_R_live  paper_cost_R_5y_median
15m  BCHUSD                 0.642                     1.069                            1.074                 13.718              0.218                   0.131
15m  BTCUSD                 0.470                     0.695                            0.699                 24.981              0.298                   0.201
15m DOGEUSD                 0.742                     1.201                            1.202                 17.124              0.189                   0.117
15m  ETHUSD                 0.468                     0.924                            0.933                 10.736              0.299                   0.152
15m  LTCUSD                 0.755                     1.059                            1.063                 25.936              0.186                   0.132
15m  SOLUSD                 0.681                     1.343                            1.350                  8.009              0.205                   0.104
 1h  BCHUSD                 1.242                     2.258                            2.256                  7.966              0.113                   0.062
 1h  BTCUSD                 0.915                     1.469                            1.467                 16.777              0.153                   0.095
 1h DOGEUSD                 1.552                     2.528                            2.526                 14.093              0.090                   0.055
 1h  ETHUSD                 0.944                     1.935                            1.934                  6.732              0.148                   0.072
 1h  LTCUSD                 1.562                     2.223                            2.221                 23.493              0.090                   0.063
 1h  SOLUSD                 1.251                     2.773                            2.774                  3.425              0.112                   0.050
30m  BCHUSD                 0.893                     1.552                            1.549                 10.795              0.157                   0.090
30m  BTCUSD                 0.669                     1.009                            1.006                 21.737              0.209                   0.139
30m DOGEUSD                 1.060                     1.739                            1.733                 15.037              0.132                   0.081
30m  ETHUSD                 0.679                     1.335                            1.334                  9.147              0.206                   0.105
30m  LTCUSD                 1.076                     1.528                            1.525                 24.127              0.130                   0.092
30m  SOLUSD                 0.929                     1.926                            1.926                  5.505              0.151                   0.073
 4h  BTCUSD                 1.872                     3.050                            3.050                 10.895              0.075                   0.046
 4h  ETHUSD                 1.990                     4.057                            4.057                  3.730              0.070                   0.035
 4h  SOLUSD                 2.659                     5.690                            5.690                  2.091              0.053                   0.025
15m     ALL                 0.620                     1.035                            1.039                 17.755              0.226                   0.135
 1h     ALL                 1.244                     2.174                            2.173                 13.528              0.113                   0.064
30m     ALL                 0.886                     1.496                            1.493                 16.057              0.158                   0.094
 4h     ALL                 2.016                     4.593                            4.593                  3.841              0.069                   0.030
     share_cost_le_010R  share_cost_le_015R
tf                                         
15m               0.290               0.576
1h                0.810               0.948
30m               0.551               0.816
4h                0.994               1.000
