cache identical to the lab reference: 18 / 18
signals 2001901 s 23.2
 tf        split              key       n  weeks  median_stop_pct  net_bps_notional  net_bps_ci_lo  net_bps_ci_hi  gross_bps_notional   net_R  gross_R  gross_R_ci_lo  gross_R_ci_hi  cost_R  excess_side_R  excess_ci_lo  excess_ci_hi  coinflip_gross_R  win_rate
15m          all                * 1140655    271           0.9685          -14.2400       -14.7471       -13.7142              0.0409 -0.1748   0.0013        -0.0052         0.0082  0.1761         0.0031       -0.0020        0.0084           -0.0018    0.5621
15m     stop_bin       (0.0, 0.4]   66608    202           0.3200          -14.6068       -15.9173       -13.1884             -0.0697 -0.5387  -0.0149        -0.0680         0.0400  0.5238        -0.0023       -0.0334        0.0314           -0.0126    0.3378
15m     stop_bin       (0.4, 0.5]   62733    237           0.4540          -13.8060       -15.0724       -12.4993              0.6118 -0.3062   0.0137        -0.0159         0.0443  0.3199         0.0082       -0.0145        0.0307            0.0055    0.4364
15m     stop_bin       (0.5, 0.6]   82378    256           0.5532          -13.7524       -14.8627       -12.6638              0.6192 -0.2496   0.0114        -0.0090         0.0320  0.2610         0.0101       -0.0064        0.0266            0.0013    0.4782
15m     stop_bin       (0.6, 0.7]   96852    266           0.6511          -14.1479       -15.2351       -13.0129              0.1877 -0.2180   0.0027        -0.0131         0.0194  0.2207         0.0069       -0.0073        0.0221           -0.0042    0.5148
15m     stop_bin       (0.7, 0.8]  101044    269           0.7496          -13.1369       -14.0565       -12.1585              1.1759 -0.1756   0.0157         0.0031         0.0283  0.1912         0.0191        0.0074        0.0313           -0.0034    0.5510
15m     stop_bin       (0.8, 1.0]  189631    271           0.8984          -14.4720       -15.2497       -13.6999             -0.1937 -0.1619  -0.0023        -0.0105         0.0062  0.1595        -0.0001       -0.0079        0.0077           -0.0023    0.5748
15m     stop_bin      (1.0, 1.25]  188698    270           1.1138          -14.2309       -15.1187       -13.3669              0.0124 -0.1282  -0.0002        -0.0081         0.0075  0.1280        -0.0003       -0.0072        0.0068            0.0002    0.6067
15m     stop_bin      (1.25, 1.5]  126852    269           1.3607          -14.3414       -15.3211       -13.3846             -0.1237 -0.1054  -0.0010        -0.0077         0.0057  0.1044        -0.0024       -0.0087        0.0040            0.0014    0.6272
15m     stop_bin       (1.5, 2.0]  128350    264           1.6922          -14.7532       -15.8804       -13.6465             -0.5670 -0.0865  -0.0030        -0.0098         0.0037  0.0835        -0.0018       -0.0080        0.0044           -0.0013    0.6414
15m     stop_bin       (2.0, 3.0]   73401    240           2.3056          -14.1622       -16.0145       -12.3224             -0.0113 -0.0604   0.0002        -0.0077         0.0077  0.0606         0.0016       -0.0058        0.0090           -0.0014    0.6398
15m     stop_bin     (3.0, 100.0]   24108    143           3.6252          -16.2309       -20.6366       -11.9131             -2.1317 -0.0448  -0.0078        -0.0187         0.0029  0.0370         0.0089       -0.0027        0.0190           -0.0167    0.5850
15m         year             2021   93957     23           1.2996          -13.7190       -15.3549       -12.0751              0.4848 -0.1101   0.0045        -0.0071         0.0171  0.1146        -0.0047       -0.0148        0.0052            0.0093    0.6099
15m         year             2022  222185     53           1.1469          -14.0803       -15.3282       -12.7873              0.1628 -0.1405   0.0027        -0.0082         0.0148  0.1432         0.0074       -0.0019        0.0167           -0.0046    0.5843
15m         year             2023  220850     53           0.7768          -15.0766       -16.2766       -13.8517             -0.7373 -0.2355  -0.0129        -0.0343         0.0088  0.2226        -0.0029       -0.0173        0.0111           -0.0100    0.5205
15m         year             2024  219442     53           0.9934          -13.7690       -14.7080       -12.7793              0.4953 -0.1540   0.0088        -0.0030         0.0204  0.1628         0.0119       -0.0001        0.0230           -0.0030    0.5769
15m         year             2025  219860     53           0.9855          -14.7953       -15.9324       -13.6128             -0.5266 -0.1772  -0.0064        -0.0198         0.0061  0.1709        -0.0033       -0.0147        0.0081           -0.0030    0.5645
15m         year             2026  164361     40           0.7585          -13.5154       -14.8251       -12.2076              0.8204 -0.2011   0.0168        -0.0049         0.0381  0.2179         0.0066       -0.0105        0.0241            0.0102    0.5380
15m       period                1  646805    153           1.0200          -14.3488       -15.0007       -13.6683             -0.0732 -0.1727  -0.0022        -0.0108         0.0072  0.1705         0.0017       -0.0047        0.0082           -0.0039    0.5640
15m       period                2  493850    118           0.9107          -14.0975       -14.8534       -13.3202              0.1903 -0.1775   0.0059        -0.0041         0.0158  0.1834         0.0048       -0.0038        0.0133            0.0011    0.5597
15m         coin           BCHUSD  190594    271           1.0113          -13.9204       -14.7343       -13.1230              0.3348 -0.1476   0.0083        -0.0009         0.0180  0.1559         0.0023       -0.0062        0.0107            0.0061    0.5745
15m         coin           BTCUSD  191181    271           0.6437          -14.8600       -15.6240       -14.1289             -0.4577 -0.2812  -0.0075        -0.0225         0.0087  0.2737         0.0063       -0.0055        0.0179           -0.0138    0.4911
15m         coin          DOGEUSD  189463    271           1.1283          -13.6029       -14.4691       -12.7231              0.6412 -0.1348   0.0073        -0.0022         0.0165  0.1421         0.0028       -0.0046        0.0104            0.0045    0.5869
15m         coin           ETHUSD  191127    271           0.8649          -14.7846       -15.5766       -13.9886             -0.4797 -0.2023  -0.0058        -0.0180         0.0076  0.1965         0.0019       -0.0072        0.0111           -0.0077    0.5442
15m         coin           LTCUSD  190162    271           0.9907          -14.4244       -15.2764       -13.5825             -0.1632 -0.1616  -0.0007        -0.0108         0.0094  0.1609        -0.0055       -0.0137        0.0030            0.0048    0.5725
15m         coin           SOLUSD  188128    271           1.2593          -13.8354       -14.7218       -13.0163              0.3805 -0.1198   0.0064        -0.0009         0.0136  0.1262         0.0108        0.0040        0.0179           -0.0044    0.6046
15m vol_quintile      Q1 quietest  228134    257           0.4779          -14.0402       -14.9251       -13.1419              0.3908 -0.3483   0.0039        -0.0186         0.0288  0.3521         0.0061       -0.0099        0.0224           -0.0022    0.4277
15m vol_quintile               Q2  228132    271           0.7329          -13.6996       -14.4663       -12.9021              0.6170 -0.1887   0.0082        -0.0026         0.0194  0.1969         0.0121        0.0027        0.0223           -0.0039    0.5416
15m vol_quintile               Q3  228127    271           0.9685          -14.6320       -15.4174       -13.8583             -0.3674 -0.1519  -0.0041        -0.0117         0.0032  0.1478        -0.0024       -0.0096        0.0049           -0.0016    0.5856
15m vol_quintile               Q4  228131    270           1.2670          -14.1363       -14.9061       -13.3628              0.0900 -0.1115   0.0008        -0.0053         0.0064  0.1123        -0.0009       -0.0062        0.0046            0.0017    0.6209
15m vol_quintile Q5 most volatile  228131    264           1.9022          -14.6917       -15.8156       -13.5559             -0.5259 -0.0736  -0.0023        -0.0077         0.0033  0.0713         0.0005       -0.0046        0.0057           -0.0028    0.6350
 1h          all                *  287925    271           2.0570          -17.4514       -18.6310       -16.3037             -2.8242 -0.0879  -0.0055        -0.0122         0.0013  0.0825         0.0023       -0.0029        0.0077           -0.0078    0.5910
 1h     stop_bin       (0.0, 0.4]     689     22           0.3364          -17.9426       -29.7985        -2.5971             -2.6980 -0.5920  -0.1056        -0.4715         0.3634  0.4865        -0.0901       -0.2893        0.1642           -0.0155    0.2685
 1h     stop_bin       (0.4, 0.5]     896     42           0.4609          -21.2634       -30.5198       -12.5525             -5.8267 -0.4685  -0.1288        -0.3184         0.0626  0.3397        -0.1107       -0.2835        0.0500           -0.0181    0.3426
 1h     stop_bin       (0.5, 0.6]    1781     84           0.5607          -11.7367       -17.5622        -5.6917              3.5544 -0.2170   0.0588        -0.0492         0.1663  0.2758         0.0716       -0.0267        0.1685           -0.0128    0.4795
 1h     stop_bin       (0.6, 0.7]    2877    112           0.6550          -12.1721       -17.6579        -6.0081              2.9119 -0.1875   0.0441        -0.0400         0.1381  0.2316         0.0609       -0.0177        0.1461           -0.0168    0.5064
 1h     stop_bin       (0.7, 0.8]    4246    151           0.7543          -11.0031       -15.2519        -6.4597              4.0689 -0.1463   0.0541        -0.0021         0.1175  0.2003         0.0459       -0.0068        0.1002            0.0082    0.5445
 1h     stop_bin       (0.8, 1.0]   11895    196           0.9147          -12.2715       -15.2706        -9.2813              2.7074 -0.1329   0.0326        -0.0029         0.0673  0.1655         0.0238       -0.0081        0.0559            0.0087    0.5625
 1h     stop_bin      (1.0, 1.25]   22636    233           1.1366          -14.4836       -16.8834       -12.1662              0.3827 -0.1289   0.0029        -0.0187         0.0254  0.1318         0.0046       -0.0132        0.0219           -0.0017    0.5812
 1h     stop_bin      (1.25, 1.5]   29030    251           1.3799          -12.4468       -14.6479       -10.1526              2.3243 -0.0901   0.0173         0.0016         0.0334  0.1075         0.0126        0.0007        0.0243            0.0047    0.6134
 1h     stop_bin       (1.5, 2.0]   63015    269           1.7458          -15.3576       -17.1446       -13.3783             -0.6909 -0.0884  -0.0038        -0.0145         0.0066  0.0845         0.0013       -0.0079        0.0105           -0.0051    0.6163
 1h     stop_bin       (2.0, 3.0]   90865    268           2.4121          -17.3349       -19.1288       -15.5280             -2.7795 -0.0711  -0.0106        -0.0180        -0.0033  0.0605        -0.0021       -0.0085        0.0046           -0.0086    0.6121
 1h     stop_bin     (3.0, 100.0]   59995    241           3.7431          -25.2120       -27.8482       -22.6270            -10.8393 -0.0633  -0.0266        -0.0338        -0.0200  0.0367        -0.0051       -0.0113        0.0006           -0.0215    0.5488
 1h         year             2021   23290     23           2.7092          -20.3111       -23.4860       -16.9123             -5.8462 -0.0718  -0.0164        -0.0280        -0.0035  0.0554        -0.0035       -0.0159        0.0090           -0.0130    0.5822
 1h         year             2022   56389     53           2.4532          -18.5409       -21.8005       -15.3578             -3.9936 -0.0767  -0.0098        -0.0234         0.0042  0.0669         0.0025       -0.0091        0.0148           -0.0123    0.5816
 1h         year             2023   55989     53           1.6916          -18.8630       -21.2227       -16.6547             -4.1197 -0.1195  -0.0168        -0.0323        -0.0008  0.1027        -0.0018       -0.0164        0.0122           -0.0150    0.5734
 1h         year             2024   56252     53           2.0857          -15.9431       -19.3173       -12.6611             -1.3449 -0.0757   0.0010        -0.0137         0.0171  0.0767         0.0069       -0.0044        0.0186           -0.0060    0.5988
 1h         year             2025   54659     53           2.1073          -15.2928       -17.9247       -12.7509             -0.6829 -0.0739   0.0069        -0.0079         0.0237  0.0808         0.0070       -0.0064        0.0204           -0.0001    0.6079
 1h         year             2026   41346     40           1.6213          -17.3490       -19.7814       -14.8615             -2.6158 -0.1047  -0.0032        -0.0208         0.0165  0.1015        -0.0014       -0.0147        0.0126           -0.0017    0.5992
 1h       period                1  163528    153           2.1722          -18.0835       -19.6328       -16.4478             -3.4674 -0.0890  -0.0093        -0.0177        -0.0007  0.0797         0.0024       -0.0045        0.0093           -0.0117    0.5826
 1h       period                2  124397    118           1.9346          -16.6205       -18.4904       -14.8457             -1.9786 -0.0865  -0.0004        -0.0105         0.0107  0.0861         0.0023       -0.0059        0.0103           -0.0027    0.6020
 1h         coin           BCHUSD   47628    271           2.1721          -18.1119       -20.5548       -15.9047             -3.5301 -0.0819  -0.0085        -0.0192         0.0026  0.0734        -0.0015       -0.0109        0.0074           -0.0070    0.5945
 1h         coin           BTCUSD   48749    271           1.3765          -15.9835       -17.6377       -14.2926             -1.1246 -0.1269  -0.0017        -0.0175         0.0137  0.1251         0.0017       -0.0100        0.0140           -0.0034    0.5779
 1h         coin          DOGEUSD   47682    271           2.4159          -18.3037       -20.7461       -15.9735             -3.7542 -0.0726  -0.0055        -0.0157         0.0047  0.0670         0.0055       -0.0023        0.0141           -0.0110    0.5863
 1h         coin           ETHUSD   48502    271           1.8314          -17.1657       -19.0412       -15.3105             -2.4903 -0.0979  -0.0067        -0.0185         0.0064  0.0913         0.0062       -0.0042        0.0160           -0.0129    0.5957
 1h         coin           LTCUSD   48069    271           2.1040          -18.1918       -20.0376       -16.2936             -3.5953 -0.0856  -0.0091        -0.0200         0.0023  0.0765        -0.0078       -0.0170        0.0008           -0.0013    0.5965
 1h         coin           SOLUSD   47295    271           2.6202          -16.9805       -19.1943       -14.9136             -2.4861 -0.0614  -0.0012        -0.0105         0.0076  0.0602         0.0100        0.0027        0.0182           -0.0112    0.5950
 1h vol_quintile      Q1 quietest   57585    243           1.0807          -12.9614       -14.8982       -11.0574              1.9688 -0.1377   0.0190        -0.0021         0.0400  0.1567         0.0162        0.0015        0.0330            0.0027    0.5681
 1h vol_quintile               Q2   57585    266           1.5934          -14.8418       -16.5545       -13.0482             -0.1410 -0.0932  -0.0004        -0.0111         0.0107  0.0928         0.0032       -0.0066        0.0129           -0.0036    0.6149
 1h vol_quintile               Q3   57587    268           2.0570          -15.4404       -17.4776       -13.2780             -0.8345 -0.0752  -0.0040        -0.0142         0.0061  0.0712         0.0026       -0.0060        0.0110           -0.0066    0.6179
 1h vol_quintile               Q4   57586    265           2.6198          -18.9484       -21.1764       -16.7049             -4.4176 -0.0715  -0.0162        -0.0245        -0.0077  0.0554        -0.0058       -0.0137        0.0017           -0.0103    0.6064
 1h vol_quintile Q5 most volatile   57582    238           3.7914          -25.0655       -27.8117       -22.5597            -10.6969 -0.0619  -0.0257        -0.0327        -0.0188  0.0362        -0.0044       -0.0104        0.0014           -0.0213    0.5474
30m          all                *  573097    271           1.4075          -15.3315       -16.0840       -14.6542             -0.9110 -0.1219  -0.0017        -0.0079         0.0050  0.1202         0.0011       -0.0041        0.0068           -0.0028    0.5914
30m     stop_bin       (0.0, 0.4]    8040    109           0.3281          -14.5326       -18.5712        -9.6130              0.4166 -0.5159  -0.0032        -0.1492         0.1603  0.5127         0.0255       -0.0574        0.1181           -0.0288    0.3391
30m     stop_bin       (0.4, 0.5]    9457    157           0.4554          -13.6294       -16.8407       -10.3420              1.1800 -0.3023   0.0255        -0.0448         0.0991  0.3278         0.0310       -0.0210        0.0848           -0.0055    0.4375
30m     stop_bin       (0.5, 0.6]   14328    195           0.5544          -13.1868       -15.5254       -10.8527              1.5363 -0.2398   0.0273        -0.0159         0.0711  0.2671         0.0288       -0.0038        0.0616           -0.0015    0.4791
30m     stop_bin       (0.6, 0.7]   20380    214           0.6542          -12.4612       -14.6417       -10.2269              2.1598 -0.1897   0.0347         0.0043         0.0680  0.2244         0.0255       -0.0026        0.0565            0.0091    0.5131
30m     stop_bin       (0.7, 0.8]   25923    236           0.7524          -13.8329       -15.7957       -11.8929              0.7478 -0.1836   0.0107        -0.0140         0.0372  0.1943         0.0140       -0.0101        0.0385           -0.0033    0.5390
30m     stop_bin       (0.8, 1.0]   64098    258           0.9069          -15.0065       -16.3399       -13.5765             -0.4872 -0.1669  -0.0058        -0.0209         0.0095  0.1612        -0.0050       -0.0188        0.0098           -0.0008    0.5614
30m     stop_bin      (1.0, 1.25]   89568    269           1.1252          -14.3192       -15.5081       -13.0681              0.1380 -0.1280   0.0011        -0.0093         0.0114  0.1290         0.0036       -0.0068        0.0137           -0.0025    0.5983
30m     stop_bin      (1.25, 1.5]   84725    270           1.3709          -15.7958       -17.1396       -14.4459             -1.3950 -0.1153  -0.0101        -0.0201        -0.0001  0.1052        -0.0020       -0.0111        0.0072           -0.0081    0.6125
30m     stop_bin       (1.5, 2.0]  121245    269           1.7145          -14.7991       -16.0858       -13.4382             -0.4413 -0.0859  -0.0021        -0.0096         0.0059  0.0838        -0.0034       -0.0099        0.0029            0.0013    0.6300
30m     stop_bin       (2.0, 3.0]   95879    263           2.3393          -15.2203       -16.7754       -13.7148             -0.9245 -0.0641  -0.0034        -0.0097         0.0026  0.0607        -0.0038       -0.0102        0.0021            0.0004    0.6311
30m     stop_bin     (3.0, 100.0]   39454    191           3.6651          -22.8835       -25.7839       -20.2821             -8.6883 -0.0578  -0.0208        -0.0286        -0.0138  0.0370        -0.0048       -0.0119        0.0020           -0.0161    0.5681
30m         year             2021   46626     23           1.8753          -16.6940       -19.2560       -14.2406             -2.3799 -0.0877  -0.0083        -0.0212         0.0057  0.0793        -0.0125       -0.0249        0.0007            0.0041    0.6090
30m         year             2022  112495     53           1.6611          -16.0127       -17.6563       -14.2668             -1.6480 -0.1042  -0.0059        -0.0167         0.0053  0.0983        -0.0003       -0.0105        0.0106           -0.0056    0.5966
30m         year             2023  111579     53           1.1528          -15.4822       -16.9600       -14.0325             -0.9788 -0.1582  -0.0082        -0.0244         0.0097  0.1501         0.0045       -0.0079        0.0173           -0.0127    0.5655
30m         year             2024  110581     53           1.4366          -15.3811       -17.1420       -13.5904             -0.9840 -0.1161  -0.0046        -0.0181         0.0104  0.1115        -0.0021       -0.0144        0.0104           -0.0025    0.5974
30m         year             2025  108937     53           1.4344          -14.4246       -16.1571       -12.6637             -0.0151 -0.1090   0.0085        -0.0065         0.0240  0.1175         0.0084       -0.0039        0.0209            0.0001    0.6041
30m         year             2026   82879     40           1.1125          -14.5632       -16.5384       -12.6056             -0.0730 -0.1409   0.0071        -0.0144         0.0284  0.1481         0.0010       -0.0167        0.0190            0.0061    0.5846
30m       period                1  326082    153           1.4841          -15.8648       -16.7426       -14.9767             -1.4511 -0.1243  -0.0082        -0.0159        -0.0001  0.1161        -0.0025       -0.0091        0.0045           -0.0057    0.5867
30m       period                2  247015    118           1.3235          -14.6274       -15.8338       -13.4106             -0.1980 -0.1186   0.0070        -0.0031         0.0182  0.1256         0.0059       -0.0030        0.0148            0.0011    0.5976
30m         coin           BCHUSD   94906    271           1.4791          -14.9777       -16.2286       -13.6927             -0.5952 -0.1076  -0.0009        -0.0099         0.0082  0.1068        -0.0020       -0.0103        0.0070            0.0011    0.6024
30m         coin           BTCUSD   96646    271           0.9497          -15.4209       -16.5214       -14.3920             -0.8270 -0.1898  -0.0058        -0.0209         0.0099  0.1839         0.0006       -0.0102        0.0124           -0.0064    0.5484
30m         coin          DOGEUSD   95192    271           1.6442          -14.9310       -16.2039       -13.6822             -0.5655 -0.0949   0.0027        -0.0063         0.0123  0.0976         0.0036       -0.0041        0.0120           -0.0009    0.6037
30m         coin           ETHUSD   95760    271           1.2591          -15.9767       -17.2267       -14.7787             -1.5172 -0.1405  -0.0068        -0.0187         0.0061  0.1337         0.0025       -0.0069        0.0122           -0.0093    0.5793
30m         coin           LTCUSD   95798    271           1.4363          -15.4044       -16.5455       -14.2584             -1.0105 -0.1123  -0.0013        -0.0101         0.0079  0.1109        -0.0057       -0.0131        0.0020            0.0044    0.6014
30m         coin           SOLUSD   94795    271           1.8125          -15.2711       -16.6261       -13.9357             -0.9467 -0.0849   0.0023        -0.0062         0.0101  0.0872         0.0079        0.0006        0.0155           -0.0057    0.6138
30m vol_quintile      Q1 quietest  114620    253           0.7214          -14.1080       -15.3846       -12.8275              0.5274 -0.2241   0.0099        -0.0129         0.0323  0.2340         0.0128       -0.0038        0.0298           -0.0029    0.5082
30m vol_quintile               Q2  114620    269           1.0833          -14.3400       -15.4752       -13.2225              0.1279 -0.1335   0.0011        -0.0091         0.0114  0.1346         0.0027       -0.0073        0.0123           -0.0015    0.5922
30m vol_quintile               Q3  114618    270           1.4075          -15.0839       -16.3527       -13.7915             -0.6881 -0.1078  -0.0052        -0.0149         0.0042  0.1026         0.0000       -0.0083        0.0086           -0.0053    0.6164
30m vol_quintile               Q4  114619    269           1.8149          -15.3045       -16.5858       -13.9796             -0.9576 -0.0841  -0.0051        -0.0122         0.0023  0.0790        -0.0062       -0.0125       -0.0003            0.0011    0.6310
30m vol_quintile Q5 most volatile  114620    258           2.6779          -17.8210       -19.3092       -16.3269             -3.5646 -0.0600  -0.0091        -0.0145        -0.0040  0.0509        -0.0036       -0.0089        0.0013           -0.0055    0.6092
