   grp        strategy  tf grade  live_n  live_median_stop_pct  live_net_R  live_gross_R  live_gross_ci_lo  live_gross_ci_hi  live_cost_R_real     y5_n  y5_net_bps  y5_gross_bps  y5_gross_R  y5_gross_ci_lo  y5_gross_ci_hi  y5_gross_R_p1  y5_gross_R_p2  y5_gross_bps_cf  ai_edge_needed_R_real
core36      N02_ST_KST 15m     B      31                 0.596      -0.238         0.004            -0.472             0.516             0.217  28283.0     -12.425         1.848       0.019           0.003           0.035          0.015          0.024              NaN                  0.198
core36            DOGE 15m     C       9                 0.604      -0.464        -0.227            -0.764             0.501             0.206  16575.0     -14.076         0.204       0.007          -0.014           0.028          0.006          0.008              NaN                  0.199
core36      N01_ST_EMA 15m     C      31                 0.645       0.135         0.363            -0.350             1.423             0.213  32665.0     -13.473         0.816       0.009          -0.007           0.026          0.004          0.017              NaN                  0.203
core36      N03_ADX_GC 15m     C       2                 0.799      -1.152        -0.975               NaN               NaN             0.196   1147.0     -11.296         2.968       0.044          -0.008           0.098          0.054          0.032              NaN                  0.152
core36  N04_ST_KLINGER 15m     C     117                 0.657      -0.230        -0.005            -0.210             0.198             0.207  96125.0     -13.695         0.586       0.006          -0.005           0.018          0.000          0.015              NaN                  0.200
core36    N05_PSAR_POC 15m     C       9                 0.645      -0.002         0.212            -0.374             0.734             0.258   8065.0     -13.472         0.825      -0.004          -0.023           0.015          0.001         -0.010              NaN                  0.258
core36    N06_MACD_ORB 15m     C       9                 0.618      -0.099         0.157            -0.732             1.014             0.210   7131.0     -12.649         1.625       0.009          -0.020           0.039          0.015          0.001              NaN                  0.201
core36    N07_ICHI_CMO 15m     C       8                 0.666      -0.827        -0.593            -0.966            -0.096             0.231  13307.0     -12.460         1.831       0.017          -0.003           0.037          0.016          0.019              NaN                  0.214
core36 N09_ALLIG_AROON 15m     C      21                 0.673      -0.294        -0.069            -0.546             0.374             0.198  15392.0     -13.334         0.936       0.011          -0.006           0.028          0.002          0.022              NaN                  0.187
core36     N10_HA_PSAR 15m     C      46                 0.658       0.061         0.290            -0.098             0.733             0.202  46224.0     -14.009         0.282       0.004          -0.006           0.014          0.001          0.007              NaN                  0.198
core36     N12_ICHI_AO 15m     C      21                 0.620      -0.578        -0.361            -0.697             0.078             0.194  15009.0     -12.713         1.566       0.015          -0.003           0.033          0.009          0.024              NaN                  0.178
core36    N13_3OUTSIDE 15m     C      13                 0.749       0.265         0.459             0.006             0.881             0.177  11522.0     -14.770        -0.474       0.003          -0.015           0.022          0.007         -0.001              NaN                  0.173
core36       N16_BBRSI 15m     C       7                 0.574      -0.664        -0.396            -0.964             0.355             0.226  12337.0     -15.235        -0.946      -0.010          -0.028           0.007         -0.022          0.006              NaN                  0.226
core36   N18_VWMA_MACD 15m     C      98                 0.700      -0.249        -0.026            -0.396             0.348             0.200 102371.0     -13.610         0.658       0.012          -0.001           0.026          0.008          0.018              NaN                  0.187
core36    N19_FIB_CHOP 15m     C      15                 0.778      -0.314        -0.105            -0.571             0.370             0.203   9610.0     -15.061        -0.803       0.009          -0.018           0.035         -0.013          0.045              NaN                  0.195
core36   N20_EMA9_CHOP 15m     C      70                 0.597       0.074         0.308            -0.031             0.727             0.220  46749.0     -14.195         0.109      -0.005          -0.027           0.018         -0.012          0.005              NaN                  0.220
core36 N22_VORTEX_PSAR 15m     C      85                 0.626      -0.220         0.015            -0.246             0.302             0.209  78930.0     -14.305        -0.011       0.002          -0.006           0.011          0.002          0.002              NaN                  0.207
core36       N23_HA_ST 15m     C     119                 0.654      -0.121         0.109            -0.231             0.463             0.209 123323.0     -14.000         0.288       0.005          -0.006           0.016         -0.001          0.013              NaN                  0.205
core36         N24_DMI 15m     C      58                 0.620      -0.097         0.127            -0.187             0.439             0.199  44439.0     -14.492        -0.200      -0.003          -0.019           0.013         -0.007          0.002              NaN                  0.199
core36     N25_DST_CCI 15m     C      55                 0.580      -0.372        -0.126            -0.414             0.180             0.220  47271.0     -14.172         0.141       0.002          -0.012           0.015          0.002          0.001              NaN                  0.219
core36           OBV_S 15m     C      10                 0.622      -0.798        -0.560            -0.959            -0.116             0.241  12634.0     -13.992         0.292       0.004          -0.017           0.024         -0.007          0.018              NaN                  0.238
core36       S2_ST_ROC 15m     C     113                 0.627      -0.193         0.041            -0.296             0.441             0.217  94447.0     -13.340         0.955       0.009          -0.002           0.021          0.015          0.002              NaN                  0.207
core36       S4_BB_BBP 15m     C      39                 0.628       0.422         0.666            -0.018             1.517             0.218  34362.0     -15.712        -1.459      -0.013          -0.028           0.002         -0.025          0.002              NaN                  0.218
core36         V39_ALL 15m     C      29                 0.604      -0.292        -0.040            -0.529             0.465             0.227  36378.0     -13.437         0.875       0.011          -0.005           0.028          0.011          0.012              NaN                  0.215
core36      N17_KC_RSI 15m     D     153                 0.790       0.159         0.348             0.059             0.621             0.167 133485.0     -16.085        -1.857      -0.020          -0.031          -0.008         -0.023         -0.015              NaN                  0.167
core36           OBV_B 15m     D      57                 0.631      -0.294        -0.066            -0.351             0.216             0.205  38207.0     -15.280        -0.978      -0.009          -0.021           0.002         -0.015         -0.003              NaN                  0.205
core36 S3_CMO_SANDWICH 15m     D      10                 0.557       0.396         0.685            -0.300             1.709             0.246   8152.0     -15.817        -1.504      -0.018          -0.039           0.003         -0.016         -0.021              NaN                  0.246
core36  S6_EMA_DMI_ADX 15m     D       5                 0.587      -0.519        -0.293            -0.966             0.718             0.170   9053.0     -15.522        -1.254      -0.017          -0.035           0.001         -0.029         -0.003              NaN                  0.170
core36         V45_AMB 15m     D      12                 0.603      -0.299        -0.074            -0.759             0.500             0.192  12733.0     -15.966        -1.654      -0.019          -0.043           0.006         -0.017         -0.020              NaN                  0.192
core36    N07_ICHI_CMO 30m     B       9                 1.000       0.095         0.233            -0.257             1.180             0.136   6639.0     -11.512         2.929       0.022           0.001           0.045          0.018          0.028              NaN                  0.113
core36     N12_ICHI_AO 30m     B      12                 0.935      -0.356        -0.182            -0.616             0.264             0.157   7372.0     -12.022         2.400       0.022           0.000           0.045          0.015          0.030              NaN                  0.136
core36            DOGE 30m     C       4                 1.103      -0.891        -0.759               NaN               NaN             0.140  10530.0     -14.615        -0.201       0.005          -0.015           0.024          0.006          0.003              NaN                  0.135
core36      N01_ST_EMA 30m     C      23                 0.849      -0.341        -0.178            -0.562             0.315             0.145  15446.0     -14.324         0.116       0.004          -0.015           0.025         -0.015          0.030              NaN                  0.141
core36      N02_ST_KST 30m     C      16                 0.839       0.012         0.188            -0.327             0.635             0.153  13961.0     -16.164        -1.746      -0.002          -0.020           0.016         -0.018          0.018              NaN                  0.153
core36      N03_ADX_GC 30m     C       3                 1.068       0.129         0.260               NaN               NaN             0.145    528.0      -9.877         4.555       0.056          -0.013           0.129          0.066          0.043              NaN                  0.089
core36  N04_ST_KLINGER 30m     C      51                 0.969      -0.227        -0.075            -0.289             0.138             0.140  48373.0     -15.442        -1.017       0.000          -0.011           0.011         -0.006          0.009              NaN                  0.140
core36    N05_PSAR_POC 30m     C       4                 0.791      -0.037         0.138               NaN               NaN             0.144   3916.0     -14.265         0.198      -0.002          -0.026           0.025         -0.006          0.004              NaN                  0.144
core36    N06_MACD_ORB 30m     C       3                 0.980       0.363         0.542               NaN               NaN             0.140   5011.0     -13.876         0.533       0.005          -0.021           0.035          0.008          0.001              NaN                  0.135
core36     N08_ICHI_WR 30m     C       2                 0.700      -0.281        -0.079               NaN               NaN             0.146    947.0     -12.106         2.345       0.013          -0.043           0.066          0.023         -0.000              NaN                  0.133
core36 N09_ALLIG_AROON 30m     C       3                 0.774      -0.667        -0.486               NaN               NaN             0.154   7841.0     -14.649        -0.237       0.006          -0.015           0.026          0.002          0.010              NaN                  0.149
core36     N10_HA_PSAR 30m     C      26                 0.903      -0.068         0.087            -0.221             0.374             0.132  21265.0     -14.148         0.282       0.012          -0.001           0.024          0.013          0.010              NaN                  0.120
core36   N11_BREAKAWAY 30m     C       1                 1.027       0.344         0.480               NaN               NaN             0.107    307.0     -13.973         0.443      -0.002          -0.090           0.081          0.050         -0.058              NaN                  0.107
core36    N13_3OUTSIDE 30m     C       9                 0.982       0.056         0.206            -0.377             0.837             0.124   5357.0     -16.058        -1.617      -0.011          -0.035           0.014         -0.021          0.001              NaN                  0.124
core36       N16_BBRSI 30m     C      12                 0.989      -0.228        -0.076            -0.424             0.244             0.130   6499.0     -14.357         0.069       0.005          -0.017           0.028          0.003          0.008              NaN                  0.125
core36   N18_VWMA_MACD 30m     C      43                 0.929      -0.752        -0.589            -0.822            -0.303             0.146  49693.0     -13.953         0.455       0.011          -0.003           0.025         -0.004          0.031              NaN                  0.135
core36    N19_FIB_CHOP 30m     C       2                 0.860      -0.372        -0.194               NaN               NaN             0.169   4520.0     -14.222         0.156       0.017          -0.016           0.050         -0.005          0.052              NaN                  0.152
core36 N22_VORTEX_PSAR 30m     C      47                 0.887      -0.121         0.037            -0.212             0.301             0.146  39188.0     -15.042        -0.606       0.003          -0.007           0.012         -0.003          0.011              NaN                  0.143
core36       N23_HA_ST 30m     C      67                 0.922      -0.211        -0.050            -0.329             0.204             0.147  59738.0     -15.274        -0.839       0.001          -0.011           0.014         -0.005          0.009              NaN                  0.146
core36         N24_DMI 30m     C      34                 0.880       0.054         0.211            -0.086             0.478             0.143  21429.0     -15.139        -0.704       0.001          -0.016           0.018         -0.005          0.008              NaN                  0.142
core36       S2_ST_ROC 30m     C      49                 0.884      -0.193        -0.029            -0.329             0.272             0.147  47665.0     -15.578        -1.133      -0.002          -0.015           0.011         -0.011          0.009              NaN                  0.147
core36       S4_BB_BBP 30m     C      13                 0.925      -0.040         0.118            -0.693             0.867             0.169  17204.0     -15.150        -0.770       0.003          -0.013           0.021         -0.005          0.014              NaN                  0.166
core36 S5_DONCHIAN_MFI 30m     C       1                 0.814      -1.148        -0.975               NaN               NaN             0.137    941.0     -16.154        -1.815      -0.010          -0.071           0.051         -0.034          0.019              NaN                  0.137
core36  S6_EMA_DMI_ADX 30m     C       3                 0.834      -0.658        -0.508               NaN               NaN             0.114   5142.0     -16.822        -2.438      -0.003          -0.024           0.018         -0.014          0.011              NaN                  0.114
core36         V39_ALL 30m     C      11                 0.857      -0.366        -0.212            -0.815             0.402             0.146  18122.0     -12.794         1.658       0.009          -0.009           0.028         -0.005          0.029              NaN                  0.137
core36         V45_AMB 30m     C       9                 0.836      -0.427        -0.254            -0.788             0.285             0.141   6638.0     -15.635        -1.170      -0.007          -0.034           0.021          0.021         -0.042              NaN                  0.141
core36      N17_KC_RSI 30m     D      62                 1.159       0.030         0.162            -0.094             0.356             0.123  73144.0     -17.391        -3.048      -0.021          -0.034          -0.008         -0.026         -0.014              NaN                  0.123
core36   N20_EMA9_CHOP 30m     D      43                 0.842       0.252         0.422             0.034             0.851             0.155  21796.0     -15.330        -0.861      -0.011          -0.034           0.012         -0.017         -0.003              NaN                  0.155
core36     N25_DST_CCI 30m     D      35                 0.862      -0.158         0.006            -0.303             0.275             0.146  23599.0     -16.017        -1.560      -0.013          -0.027           0.003         -0.016         -0.008              NaN                  0.146
core36           OBV_B 30m     D      29                 0.923      -0.022         0.139            -0.148             0.385             0.139  19849.0     -17.519        -3.074      -0.017          -0.031          -0.002         -0.017         -0.017              NaN                  0.139
core36           OBV_S 30m     D       8                 0.922       0.574         0.737             0.533             1.098             0.145   6370.0     -17.055        -2.631      -0.012          -0.034           0.013         -0.007         -0.018              NaN                  0.145
core36 S3_CMO_SANDWICH 30m     D       5                 0.848      -0.226        -0.067            -0.977             0.540             0.137   3889.0     -15.546        -1.080      -0.015          -0.044           0.014         -0.010         -0.023              NaN                  0.137
 ds200       F10_M2022 15m     C       3                 0.465       0.732         1.021               NaN               NaN             0.210   1306.0     -10.144         0.250         NaN             NaN             NaN            NaN            NaN           -9.563                  0.210
 ds200    F15_OPEN0930 15m     C       6                 0.661      -0.368        -0.149            -0.149            -0.149             0.204   6364.0     -13.445        -3.138         NaN             NaN             NaN            NaN            NaN            1.361                  0.204
 ds200          F5_BOX 15m     C      10                 0.653       0.081         0.319            -0.607             1.092             0.218   3122.0      -9.556         0.805         NaN             NaN             NaN            NaN            NaN           -5.915                  0.218
 ds200      F5_BOX_RSI 15m     C       1                 0.767       0.461         0.644               NaN               NaN             0.143    417.0     -17.858        -7.533         NaN             NaN             NaN            NaN            NaN            2.297                  0.143
 ds200         F10_OTE 15m     D      24                 0.610      -0.214         0.024            -0.324             0.419             0.232  16223.0     -17.592        -7.219         NaN             NaN             NaN            NaN            NaN           -1.354                  0.232
 ds200         F11_PO3 15m     D       6                 0.599      -0.254        -0.026            -0.568             0.585             0.213   5391.0     -10.843        -0.534         NaN             NaN             NaN            NaN            NaN           -5.685                  0.213
 ds200        F11_RAID 15m     D      38                 0.577      -0.118         0.144            -0.244             0.611             0.249  18138.0     -15.201        -4.834         NaN             NaN             NaN            NaN            NaN           -6.022                  0.249
 ds200       F11_TSOUP 15m     D      25                 0.578      -0.472        -0.209            -0.584             0.141             0.258  15140.0     -15.837        -5.474         NaN             NaN             NaN            NaN            NaN           -4.747                  0.258
 ds200         F12_MSS 15m     D      26                 0.603      -0.100         0.147            -0.300             0.534             0.231  17661.0     -18.800        -8.471         NaN             NaN             NaN            NaN            NaN           -5.316                  0.231
 ds200    F12_MSS_DISP 15m     D      12                 0.684       0.361         0.599            -0.205             1.173             0.210   5727.0     -16.619        -6.362         NaN             NaN             NaN            NaN            NaN           -5.099                  0.210
 ds200      F13_FVG_PD 15m     D       9                 0.614      -0.253        -0.046            -0.559             0.505             0.196   4116.0     -11.455        -1.055         NaN             NaN             NaN            NaN            NaN           -4.122                  0.196
 ds200     F13_RAID_PD 15m     D      36                 0.577      -0.052         0.205            -0.180             0.680             0.246  17555.0     -15.010        -4.641         NaN             NaN             NaN            NaN            NaN           -5.919                  0.246
 ds200         F14_SMT 15m     D     112                 0.633      -0.137         0.088            -0.186             0.357             0.228  18487.0     -10.968        -0.595         NaN             NaN             NaN            NaN            NaN           -5.338                  0.228
 ds200    F15_ASIA_BRK 15m     D       6                 0.544      -1.242        -0.960            -0.972            -0.957             0.254   5069.0     -18.073        -7.802         NaN             NaN             NaN            NaN            NaN           -2.935                  0.254
 ds200  F15_ASIA_SWEEP 15m     D       6                 0.552       0.607         0.888            -0.970             1.260             0.252   5037.0     -11.707        -1.336         NaN             NaN             NaN            NaN            NaN           -9.244                  0.252
 ds200     F15_LON_BRK 15m     D       6                 0.578      -0.882        -0.642            -0.968             0.010             0.222   5773.0     -19.626        -9.406         NaN             NaN             NaN            NaN            NaN           -8.359                  0.222
 ds200    F15_OPEN0000 15m     D      12                 0.609      -0.770        -0.528            -0.795            -0.260             0.220   6355.0     -18.756        -8.379         NaN             NaN             NaN            NaN            NaN           -5.423                  0.220
 ds200         F15_ORB 15m     D      12                 0.542       1.091         1.376            -0.344             2.821             0.255   6385.0     -19.059        -8.670         NaN             NaN             NaN            NaN            NaN           -8.224                  0.255
 ds200      F16_FIB382 15m     D      20                 0.547      -0.420        -0.167            -0.583             0.281             0.224  10874.0     -15.861        -5.497         NaN             NaN             NaN            NaN            NaN           -1.193                  0.224
 ds200      F16_FIB500 15m     D      13                 0.718       0.286         0.512            -0.006             0.943             0.225  11326.0     -16.996        -6.634         NaN             NaN             NaN            NaN            NaN           -2.121                  0.225
 ds200      F16_FIB618 15m     D      14                 0.634      -0.299        -0.077            -0.559             0.418             0.220  10523.0     -17.550        -7.185         NaN             NaN             NaN            NaN            NaN           -0.246                  0.220
 ds200      F16_FIB764 15m     D      11                 0.662      -0.188         0.053            -0.531             0.684             0.233   9421.0     -18.437        -8.072         NaN             NaN             NaN            NaN            NaN           -3.164                  0.233
 ds200           F17_Z 15m     D      50                 0.614      -0.207         0.036            -0.415             0.480             0.223  23064.0     -13.768        -3.427         NaN             NaN             NaN            NaN            NaN           -4.020                  0.223
 ds200        F17_Z_HL 15m     D      47                 0.607      -0.147         0.101            -0.338             0.579             0.226  16623.0     -14.805        -4.476         NaN             NaN             NaN            NaN            NaN           -4.780                  0.226
 ds200      F1_MOM_DIV 15m     D      25                 0.576       0.194         0.448            -0.119             0.883             0.236  12409.0     -14.478        -4.088         NaN             NaN             NaN            NaN            NaN           -7.036                  0.236
 ds200      F1_PVT_DIV 15m     D      15                 0.545       0.167         0.449            -0.668             2.184             0.247   8493.0     -12.724        -2.350         NaN             NaN             NaN            NaN            NaN           -4.890                  0.247
 ds200      F1_RSI_DIV 15m     D      18                 0.577       0.448         0.714            -0.105             1.927             0.239  10174.0     -15.720        -5.322         NaN             NaN             NaN            NaN            NaN           -6.262                  0.239
 ds200       F2_DEMARK 15m     D      39                 0.748      -0.032         0.182            -0.258             0.523             0.178  10675.0     -17.613        -7.236         NaN             NaN             NaN            NaN            NaN           -3.261                  0.178
 ds200          F3_BOS 15m     D      29                 0.574       0.018         0.281            -0.381             1.286             0.228  15935.0     -19.387        -9.120         NaN             NaN             NaN            NaN            NaN           -5.486                  0.228
 ds200     F3_BOS_ZONE 15m     D      12                 0.577      -0.128         0.134            -0.839             1.892             0.227   6761.0     -13.334        -3.003         NaN             NaN             NaN            NaN            NaN           -4.779                  0.227
 ds200         F3_HHHL 15m     D      46                 0.597       0.105         0.358            -0.318             1.178             0.230  24542.0     -18.544        -8.193         NaN             NaN             NaN            NaN            NaN           -5.419                  0.230
 ds200          F4_FAN 15m     D      32                 0.607      -0.002         0.247            -0.363             0.955             0.229  20409.0     -14.650        -4.349         NaN             NaN             NaN            NaN            NaN           -3.122                  0.229
 ds200         F4_PULL 15m     D      52                 0.584      -0.590        -0.341            -0.632            -0.003             0.244  14387.0     -12.905        -2.557         NaN             NaN             NaN            NaN            NaN           -2.636                  0.244
 ds200     F4_PULL_RSI 15m     D       1                 0.606      -1.199        -0.967               NaN               NaN             0.205    927.0     -21.026       -10.668         NaN             NaN             NaN            NaN            NaN           -6.881                  0.205
 ds200      F5_BOX_HTF 15m     D      10                 0.653       0.081         0.319            -0.607             1.092             0.218   1276.0     -13.366        -3.023         NaN             NaN             NaN            NaN            NaN           -5.973                  0.218
 ds200   F6_VWAP_CROSS 15m     D      95                 0.609       0.034         0.282            -0.096             0.702             0.228  22671.0     -14.126        -3.775         NaN             NaN             NaN            NaN            NaN           -2.739                  0.228
 ds200    F6_VWAP_FAIL 15m     D      32                 0.655       0.179         0.425            -0.203             1.051             0.221  15528.0     -15.758        -5.404         NaN             NaN             NaN            NaN            NaN           -2.560                  0.221
 ds200      F7_RF_ONLY 15m     D      28                 0.635      -0.061         0.170            -0.231             0.620             0.198  15593.0     -17.934        -7.586         NaN             NaN             NaN            NaN            NaN           -4.201                  0.198
 ds200    F7_RF_TRIPLE 15m     D      91                 0.599       0.005         0.255            -0.104             0.644             0.221  36261.0     -17.041        -6.718         NaN             NaN             NaN            NaN            NaN           -3.398                  0.221
 ds200        F8_VWICK 15m     D      15                 0.569      -0.323        -0.075            -0.603             0.477             0.211   5940.0     -15.548        -5.184         NaN             NaN             NaN            NaN            NaN           -1.320                  0.211
 ds200      F9_BREAKER 15m     D      28                 0.564       0.062         0.314            -0.292             1.031             0.217  11825.0     -17.074        -6.737         NaN             NaN             NaN            NaN            NaN           -4.015                  0.217
 ds200          F9_FVG 15m     D      39                 0.610      -0.119         0.111            -0.299             0.615             0.192  15018.0     -16.526        -6.156         NaN             NaN             NaN            NaN            NaN           -2.070                  0.192
 ds200         F9_IFVG 15m     D      26                 0.626       0.057         0.299            -0.049             0.702             0.205  10078.0     -14.763        -4.388         NaN             NaN             NaN            NaN            NaN           -1.932                  0.205
 ds200           F9_OB 15m     D      34                 0.604      -0.155         0.102            -0.432             0.785             0.233  15774.0     -15.926        -5.556         NaN             NaN             NaN            NaN            NaN           -4.389                  0.233
 ds200  F15_ASIA_SWEEP 30m     C       6                 0.783       0.374         0.566            -0.980             0.928             0.173   4819.0     -10.555         0.170         NaN             NaN             NaN            NaN            NaN           -9.116                  0.173
 ds200    F15_OPEN0930 30m     C       6                 0.900      -0.118         0.046             0.046             0.046             0.152   6264.0     -13.944        -3.330         NaN             NaN             NaN            NaN            NaN            0.039                  0.152
 ds200          F5_BOX 30m     C       4                 1.086       0.035         0.168               NaN               NaN             0.150   1343.0     -14.862        -4.115         NaN             NaN             NaN            NaN            NaN            1.865                  0.150
 ds200      F5_BOX_HTF 30m     C       4                 1.086       0.035         0.168               NaN               NaN             0.150    556.0     -19.640        -8.918         NaN             NaN             NaN            NaN            NaN            3.674                  0.150
 ds200   F6_VWAP_CROSS 30m     C      72                 0.922      -0.138         0.026            -0.173             0.233             0.154  13623.0     -17.134        -6.396         NaN             NaN             NaN            NaN            NaN            1.463                  0.154
 ds200      F9_BREAKER 30m     C      10                 0.819       0.194         0.369             0.023             0.750             0.145   5674.0     -17.891        -7.206         NaN             NaN             NaN            NaN            NaN            0.412                  0.145
 ds200         F10_OTE 30m     D      15                 0.911      -0.304        -0.147            -0.653             0.284             0.143   8059.0     -16.882        -6.137         NaN             NaN             NaN            NaN            NaN           -3.270                  0.143
 ds200         F11_PO3 30m     D       6                 0.860      -0.312        -0.148            -0.736             0.466             0.152   5173.0     -11.981        -1.361         NaN             NaN             NaN            NaN            NaN           -8.995                  0.152
 ds200        F11_RAID 30m     D      18                 0.849      -0.423        -0.248            -0.715             0.170             0.166   9258.0     -13.804        -3.065         NaN             NaN             NaN            NaN            NaN           -9.053                  0.166
 ds200       F11_TSOUP 30m     D      16                 0.773      -0.216        -0.029            -0.659             0.401             0.163   7696.0     -17.236        -6.505         NaN             NaN             NaN            NaN            NaN           -8.751                  0.163
 ds200         F12_MSS 30m     D      15                 0.882       0.348         0.520            -0.015             1.215             0.148   8714.0     -22.349       -11.686         NaN             NaN             NaN            NaN            NaN           -5.016                  0.148
 ds200    F12_MSS_DISP 30m     D       5                 0.814      -0.252        -0.060            -0.977             1.103             0.145   3140.0     -15.532        -4.978         NaN             NaN             NaN            NaN            NaN           -8.457                  0.145
 ds200      F13_FVG_PD 30m     D       3                 1.314      -0.166        -0.041               NaN               NaN             0.110   2085.0     -13.087        -2.308         NaN             NaN             NaN            NaN            NaN           -7.305                  0.110
 ds200     F13_RAID_PD 30m     D      17                 0.809      -0.381        -0.205            -0.681             0.228             0.168   8995.0     -13.080        -2.339         NaN             NaN             NaN            NaN            NaN           -9.701                  0.168
 ds200         F14_SMT 30m     D      39                 0.928      -0.291        -0.133            -0.476             0.218             0.160   9106.0     -15.491        -4.765         NaN             NaN             NaN            NaN            NaN           -6.429                  0.160
 ds200    F15_ASIA_BRK 30m     D       5                 0.857      -1.152        -0.975            -0.981            -0.972             0.169   4830.0     -25.005       -14.404         NaN             NaN             NaN            NaN            NaN           -2.019                  0.169
 ds200     F15_LON_BRK 30m     D       6                 0.893      -0.594        -0.427            -0.978            -0.151             0.155   5580.0     -20.612       -10.131         NaN             NaN             NaN            NaN            NaN           -7.075                  0.155
 ds200    F15_OPEN0000 30m     D      12                 0.908      -0.258        -0.096            -0.590             0.397             0.146   6272.0     -20.438        -9.661         NaN             NaN             NaN            NaN            NaN           -5.094                  0.146
 ds200         F15_ORB 30m     D      12                 0.864       0.621         0.800             0.135             1.241             0.161   6297.0     -21.902       -11.131         NaN             NaN             NaN            NaN            NaN          -10.278                  0.161
 ds200      F16_FIB382 30m     D      10                 0.845      -0.138         0.028            -0.388             0.859             0.156   5492.0     -22.954       -12.227         NaN             NaN             NaN            NaN            NaN           -2.432                  0.156
 ds200      F16_FIB500 30m     D      10                 0.982       0.064         0.215            -0.355             0.601             0.162   5760.0     -22.639       -11.912         NaN             NaN             NaN            NaN            NaN           -5.237                  0.162
 ds200      F16_FIB618 30m     D      10                 0.906      -0.058         0.103            -0.427             0.467             0.147   5277.0     -20.570        -9.840         NaN             NaN             NaN            NaN            NaN           -6.345                  0.147
 ds200      F16_FIB764 30m     D       8                 0.838      -0.129         0.035            -0.462             0.494             0.133   4846.0     -13.946        -3.219         NaN             NaN             NaN            NaN            NaN           -6.636                  0.133
 ds200           F17_Z 30m     D      26                 0.900      -0.070         0.097            -0.361             0.587             0.159  11518.0     -12.297        -1.607         NaN             NaN             NaN            NaN            NaN           -5.764                  0.159
 ds200        F17_Z_HL 30m     D      24                 0.860       0.015         0.187            -0.256             0.621             0.161   8004.0     -13.236        -2.552         NaN             NaN             NaN            NaN            NaN           -6.540                  0.161
 ds200      F1_MOM_DIV 30m     D      10                 0.812      -0.072         0.104            -0.709             1.250             0.157   6407.0     -16.845        -6.067         NaN             NaN             NaN            NaN            NaN           -8.895                  0.157
 ds200      F1_PVT_DIV 30m     D       6                 0.804       0.161         0.338            -0.451             1.157             0.169   4213.0     -19.351        -8.604         NaN             NaN             NaN            NaN            NaN           -7.649                  0.169
 ds200      F1_RSI_DIV 30m     D       5                 0.788       0.343         0.521            -0.693             2.039             0.176   5262.0     -18.729        -7.931         NaN             NaN             NaN            NaN            NaN           -9.286                  0.176
 ds200       F2_DEMARK 30m     D      30                 0.889      -0.061         0.092            -0.285             0.402             0.126   7447.0     -18.056        -7.314         NaN             NaN             NaN            NaN            NaN           -1.320                  0.126
 ds200          F3_BOS 30m     D      14                 0.867       0.050         0.222            -0.453             0.886             0.157   8030.0     -24.490       -13.952         NaN             NaN             NaN            NaN            NaN           -6.265                  0.157
 ds200     F3_BOS_ZONE 30m     D       7                 0.889      -0.666        -0.504            -0.976             0.344             0.154   3401.0     -18.137        -7.472         NaN             NaN             NaN            NaN            NaN           -2.845                  0.154
 ds200         F3_HHHL 30m     D      22                 0.925      -0.334        -0.170            -0.521             0.197             0.154  12369.0     -17.427        -6.709         NaN             NaN             NaN            NaN            NaN           -2.807                  0.154
 ds200          F4_FAN 30m     D      20                 0.858      -0.019         0.154            -0.307             0.725             0.153   9902.0     -16.898        -6.276         NaN             NaN             NaN            NaN            NaN           -4.526                  0.153
 ds200         F4_PULL 30m     D      20                 0.836      -1.001        -0.816            -0.975            -0.547             0.157   7083.0     -14.403        -3.689         NaN             NaN             NaN            NaN            NaN          -10.319                  0.157
 ds200    F6_VWAP_FAIL 30m     D      25                 0.840      -0.062         0.106            -0.400             0.508             0.160  10066.0     -15.515        -4.793         NaN             NaN             NaN            NaN            NaN           -2.393                  0.160
 ds200      F7_RF_ONLY 30m     D      16                 0.805      -0.068         0.110            -0.642             1.036             0.137   7612.0     -19.855        -9.153         NaN             NaN             NaN            NaN            NaN           -4.223                  0.137
 ds200    F7_RF_TRIPLE 30m     D      42                 0.809       0.043         0.221            -0.290             0.849             0.154  17979.0     -16.936        -6.276         NaN             NaN             NaN            NaN            NaN           -2.531                  0.154
 ds200        F8_VWICK 30m     D       5                 0.734      -0.144         0.039            -0.650             0.728             0.148   2899.0     -14.311        -3.578         NaN             NaN             NaN            NaN            NaN          -13.425                  0.148
 ds200          F9_FVG 30m     D      15                 0.973       0.147         0.298            -0.228             0.963             0.130   7644.0     -17.530        -6.782         NaN             NaN             NaN            NaN            NaN           -2.391                  0.130
 ds200         F9_IFVG 30m     D       7                 0.657      -0.468        -0.269            -0.785             0.451             0.152   4985.0     -19.949        -9.204         NaN             NaN             NaN            NaN            NaN           -4.046                  0.152
 ds200           F9_OB 30m     D      17                 0.809      -0.401        -0.219            -0.738             0.298             0.162   7922.0     -15.532        -4.808         NaN             NaN             NaN            NaN            NaN           -5.421                  0.162
grade       B   C   D  n/a
grp    tf                 
core36 15m  1  23   5    0
       1h   0  26   5    0
       30m  2  24   6    0
       4h   0   0   0   15
ds200  15m  0   4  40    0
       1h   1   5  33    0
       30m  0   6  35    0
       4h   3  13   8    0
