cell                                     N10_HA_PSAR@30m         N10_HA_PSAR@15m      S4_BB_BBP@15m          S4_BB_BBP@30m N13_3OUTSIDE@15m            N17_KC_RSI@15m N20_EMA9_CHOP@30m           N24_DMI@30m N07_ICHI_CMO@30m
strategy                                     N10_HA_PSAR             N10_HA_PSAR          S4_BB_BBP              S4_BB_BBP     N13_3OUTSIDE                N17_KC_RSI     N20_EMA9_CHOP               N24_DMI     N07_ICHI_CMO
timeframe                                            30m                     15m                15m                    30m              15m                       15m               30m                   30m              30m
tier                                                   B                       C                  C                      B                C                         C                 B                     B                C
sign_v3a_v3b_v4                        +(25) +(13) -(11)       -(65) +(15) +(29)   -(56) -(5) +(34)       +(29) -(2) +(11)  -(13) +(8) +(2)        -(161) +(14) +(95)  -(14) +(6) +(36)     -(11) +(12) +(21)   +(5) -(4) +(5)
runs_k                                                 3                       3                  3                      2                2                         3                 3                     3                2
runs_pos                                               2                       2                  1                      2                1                         2                 2                     2                2
runs_neg                                               1                       1                  2                      0                1                         1                 1                     1                0
es_n                                                  49                     109                 95                     42               23                       270                56                    44               14
es_mean_R                                       0.088301               -0.038338           0.025221               0.110369         0.119145                 -0.283479          0.086441              0.007186         0.117845
es_ci_lo_4h                                    -0.094229               -0.248918          -0.415734              -0.178699        -0.223528                 -0.520325          -0.26879             -0.292562        -0.259316
es_ci_hi_4h                                      0.25288                0.169888            0.61635               0.412917           0.4545                  0.024319          0.457727              0.246348         0.488736
es_p_pos_4h                                     0.156184                0.636336           0.431357               0.236376         0.249075                  0.988601          0.305869               0.50175         0.274773
es_bh_q_pos_4h                                       1.0                     1.0                1.0                    1.0              1.0                       1.0               1.0                   1.0              1.0
es_p_neg_4h                                     0.843916                0.363764           0.568743               0.763724         0.751025                  0.011499          0.694231               0.49835         0.725327
es_bh_q_neg_4h                                  0.843916                0.485018           0.657214               0.778699         0.778699                  0.049595          0.768085              0.617005         0.778699
es_later_n                                            24                      44                 39                     13               10                       109                42                    33                9
es_later_mean_R                                -0.039109                0.066445           0.422094              -0.040099         0.338183                  0.112865          0.255516              0.072423         0.094525
es_ex_sameside                                  0.287546                 0.19961           0.144844               0.196146         0.386451                  0.237642          0.116004              0.026374         0.217621
sf_n_pairs                                          22.0                    42.0               39.0                   12.0              9.0                      86.0              42.0                  32.0              9.0
sf_excess_R                                    -0.002424                0.072798           0.389556               0.030174         0.468715                   0.09536          0.358917              0.287208         0.194216
sf_p_better                                     0.511849                0.350965            0.09799               0.459754         0.090591                  0.369663          0.019298              0.032597         0.216778
acct_all_n                                            16                      33                 22                     14               14                        34                13                    19                8
acct_all_mean_R                                  0.14583               -0.012861           0.225867              -0.079146         0.469285                  -0.23643         -0.014389              0.099677         0.670472
y5_mean_ret_notional                            -0.00132               -0.001428          -0.001518              -0.001394        -0.001412                 -0.001648          -0.00156             -0.001415        -0.001179
y5_mean_roe_t                                 -19.303678              -40.361551         -38.694174             -18.809884       -19.663362                -71.194295        -25.791008            -21.427227        -9.871666
y5_negative                                         True                    True               True                   True             True                      True              True                  True             True
live_vs_5y_sign_notional                          differ                    same             differ                 differ           differ                      same            differ                  same             same
acct_v3a_n                                             8                      14                 13                      9                8                        19                 4                     6                4
acct_v3a_mean_R                                  0.36995                0.240559           0.292485                0.08015         0.268543                 -0.609266         -0.454737             -0.156237         0.464527
acct_v3a_win_pct                                   100.0               78.571429          84.615385              77.777778             87.5                 36.842105              50.0             66.666667            100.0
acct_v3a_payoff                                      NaN                0.538945           0.457973               0.366801         0.339668                  0.421324          0.252844              0.294037              NaN
acct_v3a_profit_factor                               inf                1.267948           2.210721               1.454827         3.999711                  0.356591          0.361404               0.50261              inf
acct_v3a_max_consec_losses                           0.0                     1.0                1.0                    1.0              1.0                       5.0               2.0                   1.0              0.0
acct_v3a_realized_max_dd                             0.0                0.145257           0.120983               0.087133         0.066992                  0.671409          0.184715              0.177709              0.0
acct_v3a_hourly_dd_max                          0.078989                0.194335           0.177912               0.127576         0.136811                  0.691173          0.202465              0.213419         0.104092
acct_v3a_pnl_sum                              1525.95098              571.732496        1397.173586              433.91395      1274.043801              -3095.742143       -608.564038            -535.12516       876.159545
acct_v3a_lev_mix                     30:3 40:3 20:1 50:1     30:6 50:5 40:2 20:1     50:6 40:5 30:2    50:4 30:3 20:1 40:1        30:4 50:4            50:8 30:7 40:4         30:2 50:2        20:3 50:2 30:1   50:2 20:1 30:1
acct_v3b_n                                             4                       8                  5                      1                5                         6                 4                     7                1
acct_v3b_mean_R                                -0.042604                0.096097          -0.142363              -1.102781         0.476105                  0.679541          0.313327              0.085097          0.46889
acct_v3b_win_pct                                    75.0                    75.0               60.0                    0.0            100.0                     100.0             100.0             85.714286            100.0
acct_v3b_payoff                                 0.283914                0.438041           0.462426                    NaN              NaN                       NaN               NaN              0.251443              NaN
acct_v3b_profit_factor                          1.127894                2.177388           0.799243                    0.0              inf                       inf               inf              2.126439              inf
acct_v3b_max_consec_losses                           1.0                     1.0                2.0                    1.0              0.0                       0.0               0.0                   1.0              0.0
acct_v3b_realized_max_dd                        0.082609                0.060953           0.149811                0.11674              0.0                       0.0               0.0              0.074227              0.0
acct_v3b_hourly_dd_max                          0.114945                  0.0852           0.165236                0.13799         0.073605                   0.06864          0.031153              0.092714          0.03768
acct_v3b_pnl_sum                               56.676912              745.876237         -159.78806            -583.702261        836.31042               1546.006487        632.243053             472.38701       158.771069
acct_v3b_lev_mix                               30:3 40:1               30:6 40:2               30:5                   30:1             30:5                      30:6              30:4                  30:7             30:1
acct_v4_n                                              4                      11                  4                      4                1                         9                 5                     6                3
acct_v4_mean_R                                 -0.113975               -0.414638           0.469649              -0.181653         2.041117                 -0.059977          0.075718                0.3726         1.012258
acct_v4_win_pct                                     50.0               45.454545               75.0                   50.0            100.0                 66.666667              80.0             83.333333            100.0
acct_v4_payoff                                  0.802586                0.448931           0.856411                0.67894              NaN                  0.424144          0.332332              0.588939              NaN
acct_v4_profit_factor                            0.74432                0.316976           3.263397               0.452252              inf                  0.890611          1.387957              1.838187              inf
acct_v4_max_consec_losses                            2.0                     4.0                1.0                    2.0              0.0                       3.0               1.0                   1.0              0.0
acct_v4_realized_max_dd                         0.159434                0.385832           0.065334               0.180107              0.0                  0.237902          0.082296              0.146305              0.0
acct_v4_hourly_dd_max                           0.199434                0.418166           0.094071               0.202669         0.051343                  0.281239          0.139537              0.197888         0.072667
acct_v4_pnl_sum                              -212.633741            -1396.348051         762.871764            -508.967972       459.351083               -158.494407        168.906062            670.234638      1346.359848
acct_v4_lev_mix                                30:3 40:1               30:8 40:3               30:4                   30:4             30:1                 30:5 40:4              30:5             30:5 40:1             30:3
acct_all_median_R                               0.340381                0.358277            0.41254               0.321243         0.463744                  0.323867          0.338518              0.326785         0.458747
acct_all_win_pct                                   81.25               66.666667          77.272727              64.285714        92.857143                 55.882353         76.923077             78.947368            100.0
acct_all_payoff                                 0.386444                0.483905            0.53673               0.451355         0.401011                  0.453804          0.284343              0.376543              NaN
acct_all_profit_factor                          2.074676                0.983636           1.874629               0.732964          7.05032                  0.727136          1.138716              1.264721              inf
acct_all_max_consec_losses                           2.0                     4.0                2.0                    2.0              1.0                       5.0               2.0                   1.0              0.0
acct_all_worst_realized_dd_any_run              0.159434                0.385832           0.149811               0.180107         0.066992                  0.671409          0.184715              0.177709              0.0
acct_all_worst_hourly_dd_any_run                0.199434                0.418166           0.177912               0.202669         0.136811                  0.691173          0.202465              0.213419         0.104092
acct_all_pnl_sum                             1369.994151              -78.739319        2000.257291            -658.756283      2569.705304              -1708.230063        192.585077            607.496488      2381.290462
acct_all_mean_cost_R                            0.130984                0.169751            0.18525               0.160398         0.176795                  0.167573          0.115935              0.103501         0.124858
acct_all_mean_mfe_R                             0.705492                0.799859           1.084881               0.720205         1.117851                  0.669145          0.491394              0.653963         1.198075
acct_all_mean_mae_R                            -0.417893               -0.604876          -0.556603               -0.52671        -0.473421                 -0.729549         -0.521537             -0.457543        -0.409572
acct_all_mean_hold_min                         237.49999              147.454534         169.999987             198.428557       169.999989                136.470575        217.538449            197.789464       203.249996
acct_all_long_n                                     10.0                    11.0               11.0                    6.0              6.0                      10.0               0.0                   1.0              5.0
acct_all_long_mean_R                            0.064806                0.043692           0.157831               -0.03829         0.564562                 -0.183217               NaN              0.481751           0.4654
acct_all_short_n                                     6.0                    22.0               11.0                    8.0              8.0                      24.0              13.0                  18.0              3.0
acct_all_short_mean_R                           0.280871               -0.041137           0.293903              -0.109788         0.397827                 -0.258601         -0.014389              0.078451         1.012258
acct_all_rt_cost_over_stop_median               0.178168                0.211561           0.204681               0.169755         0.211576                  0.186991          0.146807              0.136337         0.156823
acct_all_without_best_trade_mean_R              0.061677               -0.054111           0.140172              -0.180305         0.348375                 -0.279996         -0.059831               0.01027         0.474518
es_v3a_n                                              25                      65                 56                     29               13                       161                14                    11                5
es_v3a_mean_R                                   0.210614               -0.109268          -0.251173                0.17782        -0.049346                 -0.551811         -0.420784             -0.188524         0.159821
es_v3a_win_pct                                      88.0               63.076923          55.357143              82.758621        69.230769                 43.478261              50.0             63.636364             80.0
es_v3a_ex_sameside                              0.442811                0.177441          -0.043888               0.302178         0.220381                 -0.168123          0.199799              0.309372         0.109935
es_v3a_long_share                                    0.6                     0.6           0.696429               0.758621         0.615385                  0.428571               0.0              0.181818              1.0
es_v3a_n_unresolved_shadows                            8                       6                  4                      5                0                        21                 7                     8                0
es_v3b_n                                              13                      15                  5                      2                8                        14                 6                    12                4
es_v3b_mean_R                                   0.039175                 0.07332          -0.142363              -0.364468         0.317609                  0.626183          0.108176              0.131938         -0.35481
es_v3b_win_pct                                 76.923077               73.333333               60.0                   50.0             87.5                     100.0         83.333333             83.333333             50.0
es_v3b_ex_sameside                              0.223496                0.343666           0.034216               -0.57404         0.608759                  0.972478         -0.092091              0.036332          0.12417
es_v3b_long_share                               0.538462                0.333333                0.2                    0.0            0.375                  0.428571               0.0              0.166667              1.0
es_v3b_n_unresolved                                    2                       1                  0                      0                1                         1                 1                     1                0
es_v3b_mean_R_incl_unres_mark                   -0.02156                0.045305          -0.142363              -0.364468          0.24225                  0.588455          0.104558              0.079855         -0.35481
sf_v3b_n_pairs                                        11                      14                  5                      1                7                        12                 6                    11                4
sf_v3b_excess_R                                -0.083365                0.341303           0.020528              -0.723175         0.512453                  0.626355          0.371514              0.274861        -0.177194
es_v4_n                                               11                      29                 34                     11                2                        95                36                    21                5
es_v4_mean_R                                   -0.131626                0.062888           0.505103               0.018877         0.420479                  0.037218          0.280072              0.038414         0.453993
es_v4_win_pct                                  54.545455               48.275862          64.705882              54.545455             50.0                 69.473684         77.777778             71.428571             80.0
es_v4_ex_sameside                               0.010369                0.174788           0.471966               0.056642         0.576668                  0.817017            0.1181             -0.127554         0.400068
es_v4_long_share                                0.545455                0.448276           0.264706               0.363636              0.5                  0.915789               0.0              0.047619              0.2
es_v4_n_unresolved                                     0                       1                  0                      0                2                        43                 0                     0                0
es_v4_mean_R_incl_unres_mark                   -0.131626                0.069843           0.505103               0.018877         0.315866                  0.112822          0.280072              0.038414         0.453993
sf_v4_n_pairs                                         11                      28                 34                     11                2                        74                36                    21                5
sf_v4_excess_R                                  0.078518               -0.061454           0.443825                0.09866         0.315629                  0.009253          0.356818              0.293675         0.491344
es_median_R                                     0.333672                0.331829           0.355758               0.330335         0.414525                  0.271445          0.341459              0.331256         0.337075
es_win_pct                                      77.55102               60.550459          58.947368              73.809524        73.913043                 55.555556         71.428571             72.727273        71.428571
es_payoff                                       0.387669                0.601375           0.730049               0.484308         0.480463                  0.390337          0.504009              0.383706         0.550076
es_pf                                           1.339219                0.923041           1.048275               1.364868         1.361313                  0.487921          1.260023              1.023217          1.37519
es_long_share                                   0.571429                0.522936           0.515789               0.619048         0.521739                       0.6               0.0              0.113636         0.714286
es_long_mean_R                                 -0.014892               -0.167723          -0.287029                0.10256        -0.043012                 -0.169905               NaN              0.146571        -0.173741
es_short_mean_R                                 0.225892                0.103488           0.357836               0.123058         0.296044                 -0.453839          0.086441             -0.010684          0.84681
es_clusters_4h                                        19                      29                 25                     18               17                        26                18                    23                9
es_ci_lo_1h                                    -0.080877                -0.23569          -0.297545              -0.177002        -0.240146                 -0.506263         -0.209691             -0.245485        -0.222881
es_ci_hi_1h                                     0.276492                0.168519           0.423285               0.398693         0.459593                  -0.05341          0.413751              0.244434         0.492369
es_p_pos_1h                                     0.163284                0.643536           0.422258               0.232277         0.264874                  0.994201          0.288171              0.489251         0.259274
es_clusters_1h                                        34                      67                 52                     33               21                        60                32                    32               10
es_ex_sameside_ci_lo                            0.114553                0.013418          -0.241336               -0.06861          0.06957                 -0.105806         -0.218924             -0.267731         -0.09142
es_ex_sameside_ci_hi                            0.440301                0.379227            0.69802               0.468593         0.724842                  0.671084          0.495803              0.269479         0.555036
es_ex_sameside_p_pos                              0.0001                0.017098           0.257374               0.084792         0.012199                  0.128887          0.241476              0.442956          0.09909
es_share_4h_blocks_pos                          0.736842                0.448276               0.52               0.555556         0.705882                       0.5          0.555556              0.608696         0.666667
es_mean_R_without_best_4h_block                 0.046012               -0.114194          -0.240457              -0.018668         0.031783                 -0.354121          -0.04942             -0.075332        -0.030178
es_mean_R_without_best_day                        0.0316               -0.154477          -0.246003              -0.060914         0.016486                 -0.395664         -0.176038              -0.06933        -0.140186
es_mean_roe_per_lev                             0.000723               -0.000209           0.000004               0.000306         0.001345                 -0.001378          0.000604             -0.000064        -0.000294
es_mean_gross_R_post_slip                       0.181578                0.303635           0.576096               0.152179         0.478235                  0.151202          0.318392              0.148467         0.321974
es_mean_cost_R                                  0.118422                0.171478           0.186404               0.143085         0.171003                  0.145529          0.124637              0.111223         0.113602
es_median_rt_cost_over_stop                     0.157779                0.231883           0.229492               0.162219         0.189145                  0.171879          0.163898              0.157511            0.136
es_median_stop_pct                              0.887315                0.603753           0.610043               0.863446         0.740173                   0.81453          0.854261              0.888831         1.030288
es_mean_mfe_R                                   0.743521                1.094806           1.430736               0.924528         1.010963                  0.734275          0.857687              0.623929          0.89535
es_median_mfe_R                                 0.631872                0.751014           0.784876               0.625778         0.912189                  0.667954          0.675434              0.624206         0.635791
es_mean_mae_R                                  -0.526655               -0.643392          -0.618306              -0.554873        -0.549935                 -0.624917         -0.527657             -0.499668         -0.56033
es_share_mfe_ge_1R                              0.081633                0.155963           0.189474               0.142857         0.304348                  0.085185          0.089286              0.068182         0.214286
es_lev_mix                          30:32 40:9 50:6 20:2  30:49 50:42 40:16 20:2  30:41 50:32 40:22  30:25 50:12 40:3 20:2  30:16 50:6 40:1  30:174 50:47 40:34 20:15   30:44 40:9 50:3  30:33 40:5 20:4 50:2  30:10 20:2 50:2
es_later_ci_lo                                 -0.278314                -0.36382          -0.526504              -0.883553         -0.07619                 -0.306029         -0.199263             -0.311758              NaN
es_later_ci_hi                                  0.233472                0.520801           1.645542               0.785144         1.001353                  0.625378          0.783273              0.347952              NaN
sf_adj_n                                              22                      42                 39                     12                9                        86                42                    32                9
sf_raw_excess_R_mine                           -0.002424                0.072798           0.389556               0.030174         0.468715                   0.09536          0.358917              0.287208         0.194216
sf_adj_excess_R                                 0.031492                0.135093           0.251765              -0.063471         0.591269                  0.690187          0.059152              0.014768         0.210711
sf_adj_ci_lo                                   -0.183359               -0.113398           -0.32588              -0.818142              NaN                  0.304671         -0.326355             -0.343852              NaN
sf_adj_ci_hi                                    0.191023                0.434416           0.938079               0.539728              NaN                  1.279608          0.453852              0.276713              NaN
sf_adj_p_pos                                    0.414759                0.171583           0.223078               0.650435              NaN                  0.009899          0.371863              0.492951              NaN
lev_live_rule_sized                                   26                      46                 39                     13               13                       153                43                    34                9
lev_live_rule_mean_R_mark                      -0.068126                0.061308           0.422094              -0.040099         0.264901                  0.159453            0.2515              0.054259         0.094525
lev_lev10_sized                                       26                      46                 39                     13               13                       153                43                    34                9
lev_lev10_mean_R_mark                          -0.326572                0.401251           0.029989               0.030523         0.380576                  0.160351          0.843531              0.072989         0.301849
lev_lev20m20_sized                                    26                      46                 39                     13               13                       153                43                    34                9
lev_lev20m20_mean_R_mark                       -0.120494                0.409993           0.346333               0.075793         0.395251                  0.148498          0.475663              0.238589          0.04258
lev_lev30m30_sized                                    26                      46                 39                     13               13                       153                42                    34                9
lev_lev30m30_mean_R_mark                       -0.115531                0.072113           0.403026              -0.040099         0.264901                  0.169904           0.26331              0.060649         0.094525
lev_lev40m40_sized                                     8                      37                 34                      3               10                        91                19                    11                1
lev_lev40m40_mean_R_mark                       -0.027536               -0.159655          -0.090753               0.223293         0.081259                  0.098984          0.003909             -0.147366         0.354441
lev_lev50m50_sized                                     0                       6                  9                      0                0                         6                 0                     0                0
lev_lev50m50_mean_R_mark                             NaN               -0.228287           0.372039                    NaN              NaN                  0.905937               NaN                   NaN              NaN
sf_n_clusters                                       15.0                    28.0               18.0                    9.0              9.0                      24.0              20.0                  22.0              6.0
sf_p_worse                                      0.488251                0.649135            0.90211               0.542146         0.912109                  0.630437          0.980802              0.967503          0.79742
sf_bh_q_better                                  0.914572                0.914572           0.914572               0.914572         0.914572                  0.914572          0.609819               0.64971         0.914572
sf_mde_excess_R_80pct                           0.337646                0.445995           0.709035               0.963543         0.802054                  0.547212          0.437322               0.38405         0.588902
cf_n                                                16.0                    33.0               22.0                   14.0             14.0                      34.0              13.0                  19.0              8.0
cf_mean_R                                        0.14583               -0.012861           0.225867              -0.079146         0.469285                  -0.23643         -0.014389              0.099677         0.670472
cf_rand_pool_mean_R                            -0.299687                0.098712           0.098712              -0.299687         0.098712                  0.098712         -0.299687             -0.299687        -0.299687
cf_rand_pool_n                                      24.0                    50.0               50.0                   24.0             50.0                      50.0              24.0                  24.0             24.0
cf_percentile                                      98.95                   27.31              71.23                  85.05            91.45                      3.26             90.86                 98.61            100.0
cf_p_one_sided                                  0.010599                0.726927           0.287771               0.149585         0.085591                  0.967403          0.091491              0.013999           0.0001
cf_p_worse_one_sided                            0.989501                0.273173           0.712329               0.850515         0.914509                  0.032697          0.908609              0.986101              1.0
cf_bh_q                                         0.353422                     1.0                1.0               0.775079         0.775079                       1.0          0.775079              0.353422         0.013899
cf_bh_q_worse                                        1.0                0.601917           0.988453               0.991326         0.991326                  0.168328          0.991326                   1.0              1.0
cf_low_power                                        True                    True               True                   True             True                      True              True                  True             True
cf_mde_R_80pct                                  0.499141                0.454327           0.556435               0.533604         0.697528                  0.447596          0.553747              0.458043         0.705892
y5_n_signals                                     21268.0                 46235.0            34365.0                17204.0          11523.0                  133488.0           21800.0               21430.0           6639.0
y5_per_day                                     11.277025               24.515794          18.221807               9.122153         6.109992                 70.781103          11.55911             11.362923         3.520226
y5_mean_roe                                    -0.037307               -0.048708          -0.054025              -0.040825        -0.047899                 -0.050158         -0.046698             -0.040786        -0.034282
y5_mean_roe_is                                 -0.036848               -0.047872          -0.056006              -0.041748         -0.04471                 -0.050826         -0.047152             -0.041918        -0.034951
y5_mean_roe_cf                                 -0.037835               -0.049712           -0.05143              -0.039665        -0.051512                 -0.049343         -0.046109             -0.039389        -0.033287
y5_mean_lev                                    28.258999               34.105049          35.600918              29.279651        33.935008                 30.432577         29.940226             28.832095        29.084998
y5_win_rate                                     0.606481                0.575123           0.541285               0.569852         0.576718                  0.611689          0.597542              0.603745         0.601332
y5_long_share                                   0.511096                0.515259           0.488491               0.487794         0.512714                  0.499798               0.0              0.201307         0.528995
y5_median_hold_hours                                 2.5                     1.5               1.25                    2.0              1.5                       1.0               2.5                   2.5              2.5
y5_mean_best_roe                                0.209368                0.178122           0.188813               0.222432         0.181965                  0.163573          0.194069              0.203791         0.218296
y5_gross_ret_notional                            0.00008               -0.000028          -0.000118               0.000006        -0.000012                 -0.000248          -0.00016             -0.000015         0.000221
y5_fwd4bars_gross_pct                           0.004408                 0.00159           -0.01143              -0.006403        -0.008027                   0.01189          0.010916             -0.018054         0.027877
y5_fwd16bars_gross_pct                          0.006885               -0.021219           -0.04302               -0.03557         0.007914                  0.013797          0.007708             -0.008083          0.01011
y5_peak_t_net                                 -10.689016              -34.221089          -54.43943              -2.099183        -2.625553                -29.905354         -1.711153             -0.554796         1.073546
live_v3a_sig_per_day                           13.039025               27.995553          23.010044              13.039025         6.519512                 72.098137          8.437016              8.437016         2.301004
live_v3b_sig_per_day                           21.471173               22.902584           7.157058               2.862823        12.882704                 21.471173         10.019881              18.60835         5.725646
live_v4_sig_per_day                             7.316397               19.953811          22.614319               7.316397         2.660508                 91.787529         23.944573             13.967667         3.325635
live_sig_per_day                               12.474945               24.741975           20.58366               9.772041         6.237473                 70.899273         13.514524             11.643282         3.118736
sf_adj_bh_q_pos                                 0.952843                0.952843           0.952843               0.952843              NaN                  0.336566          0.952843              0.952843              NaN
es_ex_sameside_bh_q_pos                         0.005199                 0.29637           0.822632               0.624515          0.29637                  0.670213          0.822632              0.822632         0.624515
y5_is_and_cf_negative                               True                    True               True                   True             True                      True              True                  True             True
