               a        b   tf     run     n   mean   lo1h   hi1h    p1h   lo6h   hi6h    p6h  G6  lo12h  hi12h  G12
0           tp1R     base  15m     v3b   407 -0.004 -0.040  0.038  0.844 -0.023  0.041  0.926   4    NaN    NaN    2
1           tp1R     base  15m      v4  2070 -0.126 -0.266 -0.003  0.056 -0.364  0.075  0.273   7 -0.403  0.069    4
2           tp1R     base  15m  pooled  2477 -0.106 -0.233 -0.006  0.066 -0.318  0.060  0.282  10 -0.317  0.051    5
3           tp1R     base  30m     v3b   204  0.006 -0.137  0.139  0.935 -0.124  0.099  0.791   4    NaN    NaN    2
4           tp1R     base  30m      v4  1073 -0.070 -0.127 -0.016  0.012 -0.111 -0.033  0.000   7 -0.122 -0.033    4
5           tp1R     base  30m  pooled  1277 -0.058 -0.112 -0.008  0.030 -0.100 -0.014  0.010  10 -0.110 -0.005    5
6           tp1R     base   1h     v3b   119  0.010 -0.137  0.140  0.888 -0.183  0.107  0.962   4    NaN    NaN    2
7           tp1R     base   1h      v4   661 -0.011 -0.104  0.075  0.807 -0.153  0.102  0.872   7 -0.178  0.120    4
8           tp1R     base   1h  pooled   780 -0.008 -0.092  0.067  0.847 -0.121  0.092  0.891  10 -0.147  0.122    5
9           tp1R     base   4h     v3b     5 -0.869    NaN    NaN    NaN    NaN    NaN    NaN   2    NaN    NaN    2
10          tp1R     base   4h      v4   107 -0.208 -0.357 -0.082  0.001 -0.385 -0.063  0.007   6 -0.397 -0.055    4
11          tp1R     base   4h  pooled   112 -0.237 -0.405 -0.108  0.002 -0.441 -0.094  0.009   8 -0.472 -0.096    5
12        tp1.5R     base  15m     v3b   407 -0.112 -0.210  0.005  0.040 -0.241  0.038  0.213   4    NaN    NaN    2
13        tp1.5R     base  15m      v4  2070 -0.121 -0.226 -0.023  0.019 -0.271  0.008  0.090   7 -0.266 -0.054    4
14        tp1.5R     base  15m  pooled  2477 -0.120 -0.215 -0.037  0.010 -0.245 -0.009  0.046  10 -0.241 -0.042    5
15        tp1.5R     base  30m     v3b   204 -0.109 -0.313  0.098  0.314 -0.255  0.045  0.111   4    NaN    NaN    2
16        tp1.5R     base  30m      v4  1073 -0.047 -0.152  0.050  0.364 -0.180  0.094  0.524   7 -0.197  0.122    4
17        tp1.5R     base  30m  pooled  1277 -0.057 -0.154  0.032  0.227 -0.170  0.058  0.336  10 -0.183  0.094    5
18        tp1.5R     base   1h     v3b   119  0.048 -0.173  0.228  0.640 -0.038  0.195  0.526   4    NaN    NaN    2
19        tp1.5R     base   1h      v4   661 -0.002 -0.146  0.147  0.976 -0.272  0.260  0.990   7 -0.329  0.337    4
20        tp1.5R     base   1h  pooled   780  0.006 -0.122  0.134  0.931 -0.212  0.227  0.958  10 -0.275  0.284    5
21        tp1.5R     base   4h     v3b     5 -0.869    NaN    NaN    NaN    NaN    NaN    NaN   2    NaN    NaN    2
22        tp1.5R     base   4h      v4   107 -0.178 -0.332 -0.048  0.012 -0.350 -0.053  0.020   6 -0.407 -0.067    4
23        tp1.5R     base   4h  pooled   112 -0.209 -0.385 -0.079  0.008 -0.419 -0.082  0.019   8 -0.481 -0.080    5
24          tp2R     base  15m     v3b   407 -0.240 -0.376 -0.070  0.003 -0.380 -0.035  0.000   4    NaN    NaN    2
25          tp2R     base  15m      v4  2070 -0.086 -0.197  0.034  0.156 -0.262  0.105  0.377   7 -0.218  0.088    4
26          tp2R     base  15m  pooled  2477 -0.111 -0.210 -0.006  0.034 -0.263  0.048  0.174  10 -0.220  0.065    5
27          tp2R     base  30m     v3b   204 -0.170 -0.459  0.116  0.254 -0.348  0.091  0.109   4    NaN    NaN    2
28          tp2R     base  30m      v4  1073 -0.057 -0.217  0.104  0.487 -0.349  0.243  0.710   7 -0.360  0.320    4
29          tp2R     base  30m  pooled  1277 -0.075 -0.224  0.065  0.310 -0.317  0.170  0.535  10 -0.336  0.254    5
30          tp2R     base   1h     v3b   119  0.178 -0.080  0.404  0.138  0.096  0.333  0.000   4    NaN    NaN    2
31          tp2R     base   1h      v4   661  0.084 -0.116  0.291  0.426 -0.346  0.493  0.714   7 -0.431  0.591    4
32          tp2R     base   1h  pooled   780  0.098 -0.075  0.274  0.280 -0.259  0.441  0.596  10 -0.368  0.522    5
33          tp2R     base   4h     v3b     5 -0.869    NaN    NaN    NaN    NaN    NaN    NaN   2    NaN    NaN    2
34          tp2R     base   4h      v4   107 -0.141 -0.291 -0.005  0.055 -0.297 -0.048  0.033   6 -0.337 -0.046    4
35          tp2R     base   4h  pooled   112 -0.174 -0.354 -0.040  0.030 -0.369 -0.075  0.029   8 -0.417 -0.061    5
36   RL1_0.5_bar  RL1_0.5  15m     v3b   407  0.002 -0.013  0.019  0.856 -0.008  0.012  0.863   4    NaN    NaN    2
37   RL1_0.5_bar  RL1_0.5  15m      v4  2070  0.043  0.014  0.077  0.007  0.008  0.095  0.040   7  0.006  0.079    4
38   RL1_0.5_bar  RL1_0.5  15m  pooled  2477  0.036  0.012  0.067  0.010  0.005  0.079  0.047  10  0.004  0.073    5
39   RL1_0.5_bar  RL1_0.5  30m     v3b   204  0.001 -0.004  0.009  0.714 -0.006  0.007  0.692   4    NaN    NaN    2
40   RL1_0.5_bar  RL1_0.5  30m      v4  1073  0.027  0.008  0.049  0.012  0.007  0.042  0.006   7  0.013  0.039    4
41   RL1_0.5_bar  RL1_0.5  30m  pooled  1277  0.023  0.006  0.043  0.014  0.005  0.037  0.006  10  0.007  0.036    5
42   RL1_0.5_bar  RL1_0.5   1h     v3b   119 -0.017 -0.033 -0.003  0.030 -0.023 -0.005  0.000   4    NaN    NaN    2
43   RL1_0.5_bar  RL1_0.5   1h      v4   661 -0.017 -0.031 -0.006  0.006 -0.026 -0.007  0.000   7 -0.027 -0.004    4
44   RL1_0.5_bar  RL1_0.5   1h  pooled   780 -0.017 -0.028 -0.007  0.001 -0.025 -0.008  0.000  10 -0.025 -0.008    5
45   RL1_0.5_bar  RL1_0.5   4h     v3b     5  0.000    NaN    NaN    NaN    NaN    NaN    NaN   2    NaN    NaN    2
46   RL1_0.5_bar  RL1_0.5   4h      v4   107  0.008  0.002  0.016  0.036  0.002  0.016  0.050   6  0.002  0.014    4
47   RL1_0.5_bar  RL1_0.5   4h  pooled   112  0.007  0.002  0.015  0.030  0.001  0.014  0.041   8  0.002  0.013    5
48   RL1.5_1_bar  RL1.5_1  15m     v3b   407  0.000 -0.009  0.011  0.935 -0.006  0.011  0.907   4    NaN    NaN    2
49   RL1.5_1_bar  RL1.5_1  15m      v4  2070  0.046  0.015  0.083  0.007  0.003  0.098  0.061   7 -0.006  0.095    4
50   RL1.5_1_bar  RL1.5_1  15m  pooled  2477  0.038  0.013  0.070  0.009  0.000  0.083  0.067  10 -0.005  0.087    5
51   RL1.5_1_bar  RL1.5_1  30m     v3b   204  0.008 -0.006  0.021  0.230 -0.000  0.022  0.090   4    NaN    NaN    2
52   RL1.5_1_bar  RL1.5_1  30m      v4  1073  0.027  0.008  0.050  0.013  0.005  0.046  0.010   7  0.006  0.041    4
53   RL1.5_1_bar  RL1.5_1  30m  pooled  1277  0.024  0.007  0.044  0.011  0.005  0.040  0.007  10  0.007  0.038    5
54   RL1.5_1_bar  RL1.5_1   1h     v3b   119 -0.020 -0.037 -0.005  0.013 -0.037 -0.012  0.021   4    NaN    NaN    2
55   RL1.5_1_bar  RL1.5_1   1h      v4   661 -0.011 -0.033  0.008  0.291 -0.031  0.010  0.310   7 -0.029  0.013    4
56   RL1.5_1_bar  RL1.5_1   1h  pooled   780 -0.012 -0.030  0.004  0.164 -0.028  0.005  0.174  10 -0.028  0.008    5
57   RL1.5_1_bar  RL1.5_1   4h     v3b     5  0.000    NaN    NaN    NaN    NaN    NaN    NaN   2    NaN    NaN    2
58   RL1.5_1_bar  RL1.5_1   4h      v4   107  0.008  0.002  0.016  0.036  0.002  0.016  0.050   6  0.002  0.014    4
59   RL1.5_1_bar  RL1.5_1   4h  pooled   112  0.007  0.002  0.015  0.030  0.001  0.014  0.041   8  0.002  0.013    5
60     geo20_bar    geo20  15m     v3b   407 -0.030 -0.047 -0.014  0.000 -0.061 -0.005  0.041   4    NaN    NaN    2
61     geo20_bar    geo20  15m      v4  2070  0.052  0.008  0.103  0.032 -0.012  0.130  0.167   7 -0.019  0.146    4
62     geo20_bar    geo20  15m  pooled  2477  0.039  0.002  0.086  0.067 -0.018  0.106  0.242  10 -0.024  0.111    5
63     geo20_bar    geo20  30m     v3b   204  0.021 -0.017  0.064  0.313 -0.013  0.040  0.088   4    NaN    NaN    2
64     geo20_bar    geo20  30m      v4  1073  0.021 -0.005  0.051  0.148 -0.020  0.069  0.390   7 -0.029  0.073    4
65     geo20_bar    geo20  30m  pooled  1277  0.021 -0.002  0.047  0.096 -0.015  0.062  0.305  10 -0.019  0.067    5
66     geo20_bar    geo20   1h     v3b   119 -0.051 -0.101 -0.011  0.026 -0.116 -0.014  0.050   4    NaN    NaN    2
67     geo20_bar    geo20   1h      v4   661  0.003 -0.035  0.038  0.867 -0.043  0.062  0.921   7 -0.049  0.046    4
68     geo20_bar    geo20   1h  pooled   780 -0.005 -0.038  0.026  0.722 -0.047  0.045  0.820  10 -0.053  0.037    5
69     geo20_bar    geo20   4h     v3b     5 -0.024    NaN    NaN    NaN    NaN    NaN    NaN   2    NaN    NaN    2
70     geo20_bar    geo20   4h      v4   107 -0.024 -0.097  0.059  0.522 -0.103  0.037  0.500   6 -0.129  0.035    4
71     geo20_bar    geo20   4h  pooled   112 -0.024 -0.098  0.048  0.509 -0.103  0.034  0.471   8 -0.121  0.034    5
72      base_bar     base  15m     v3b   407 -0.030 -0.055 -0.003  0.022 -0.092 -0.003  0.116   4    NaN    NaN    2
73      base_bar     base  15m      v4  2070  0.055  0.005  0.116  0.050 -0.017  0.142  0.194   7 -0.023  0.152    4
74      base_bar     base  15m  pooled  2477  0.041 -0.001  0.098  0.096 -0.021  0.117  0.252  10 -0.026  0.120    5
75      base_bar     base  30m     v3b   204 -0.011 -0.035  0.016  0.411 -0.023  0.007  0.291   4    NaN    NaN    2
76      base_bar     base  30m      v4  1073  0.023 -0.013  0.064  0.254 -0.038  0.095  0.525   7 -0.051  0.098    4
77      base_bar     base  30m  pooled  1277  0.018 -0.014  0.054  0.302 -0.036  0.079  0.559  10 -0.045  0.087    5
78      base_bar     base   1h     v3b   119 -0.036 -0.109  0.017  0.266 -0.117  0.062  0.343   4    NaN    NaN    2
79      base_bar     base   1h      v4   661  0.023 -0.013  0.062  0.220 -0.037  0.077  0.412   7 -0.047  0.076    4
80      base_bar     base   1h  pooled   780  0.014 -0.019  0.048  0.407 -0.038  0.061  0.584  10 -0.049  0.071    5
81      base_bar     base   4h     v3b     5 -0.024    NaN    NaN    NaN    NaN    NaN    NaN   2    NaN    NaN    2
82      base_bar     base   4h      v4   107 -0.024 -0.097  0.059  0.522 -0.103  0.037  0.500   6 -0.129  0.035    4
83      base_bar     base   4h  pooled   112 -0.024 -0.098  0.048  0.509 -0.103  0.034  0.471   8 -0.121  0.034    5
84     be1_tp1.5   tp1.5R  15m     v3b   407  0.083  0.015  0.142  0.012  0.010  0.165  0.009   4    NaN    NaN    2
85     be1_tp1.5   tp1.5R  15m      v4  2070  0.042  0.003  0.085  0.047  0.002  0.091  0.066   7 -0.005  0.098    4
86     be1_tp1.5   tp1.5R  15m  pooled  2477  0.049  0.014  0.086  0.012  0.011  0.093  0.018  10 -0.003  0.104    5
87     be1_tp1.5   tp1.5R  30m     v3b   204  0.054 -0.061  0.181  0.376 -0.035  0.125  0.107   4    NaN    NaN    2
88     be1_tp1.5   tp1.5R  30m      v4  1073  0.001 -0.041  0.039  0.965 -0.055  0.050  0.974   7 -0.073  0.057    4
89     be1_tp1.5   tp1.5R  30m  pooled  1277  0.009 -0.029  0.047  0.626 -0.036  0.051  0.686  10 -0.034  0.055    5
90     be1_tp1.5   tp1.5R   1h     v3b   119 -0.037 -0.155  0.083  0.544 -0.162  0.130  0.696   4    NaN    NaN    2
91     be1_tp1.5   tp1.5R   1h      v4   661  0.065  0.035  0.095  0.000  0.028  0.110  0.003   7  0.023  0.121    4
92     be1_tp1.5   tp1.5R   1h  pooled   780  0.050  0.016  0.082  0.003 -0.001  0.095  0.040  10  0.012  0.105    5
93     be1_tp1.5   tp1.5R   4h     v3b     5  0.000    NaN    NaN    NaN    NaN    NaN    NaN   2    NaN    NaN    2
94     be1_tp1.5   tp1.5R   4h      v4   107  0.000  0.000  0.000  1.000  0.000  0.000  1.000   6  0.000  0.000    4
95     be1_tp1.5   tp1.5R   4h  pooled   112  0.000  0.000  0.000  1.000  0.000  0.000  1.000   8  0.000  0.000    5
96       be1_tp2     tp2R  15m     v3b   407  0.088 -0.054  0.202  0.180  0.001  0.172  0.063   4    NaN    NaN    2
97       be1_tp2     tp2R  15m      v4  2070  0.074  0.003  0.145  0.037 -0.047  0.212  0.268   7 -0.053  0.208    4
98       be1_tp2     tp2R  15m  pooled  2477  0.076  0.015  0.139  0.017 -0.025  0.189  0.164  10 -0.048  0.186    5
99       be1_tp2     tp2R  30m     v3b   204  0.007 -0.196  0.229  0.952 -0.227  0.179  1.000   4    NaN    NaN    2
100      be1_tp2     tp2R  30m      v4  1073  0.059 -0.007  0.127  0.081 -0.053  0.168  0.306   7 -0.082  0.178    4
101      be1_tp2     tp2R  30m  pooled  1277  0.051 -0.013  0.121  0.139 -0.048  0.144  0.300  10 -0.056  0.156    5
102      be1_tp2     tp2R   1h     v3b   119 -0.217 -0.427 -0.016  0.038 -0.639  0.093  0.270   4    NaN    NaN    2
103      be1_tp2     tp2R   1h      v4   661  0.097  0.048  0.151  0.000  0.025  0.194  0.025   7  0.022  0.212    4
104      be1_tp2     tp2R   1h  pooled   780  0.049 -0.015  0.104  0.110 -0.071  0.146  0.363  10 -0.074  0.169    5
105      be1_tp2     tp2R   4h     v3b     5  0.000    NaN    NaN    NaN    NaN    NaN    NaN   2    NaN    NaN    2
106      be1_tp2     tp2R   4h      v4   107  0.000  0.000  0.000  1.000  0.000  0.000  1.000   6  0.000  0.000    4
107      be1_tp2     tp2R   4h  pooled   112  0.000  0.000  0.000  1.000  0.000  0.000  1.000   8  0.000  0.000    5
108      be1_tp3     tp3R  15m     v3b   407  0.036 -0.166  0.234  0.721 -0.137  0.111  0.522   4    NaN    NaN    2
109      be1_tp3     tp3R  15m      v4  2070  0.090 -0.026  0.209  0.142 -0.107  0.338  0.454   7 -0.110  0.304    4
110      be1_tp3     tp3R  15m  pooled  2477  0.082 -0.023  0.188  0.135 -0.080  0.288  0.400  10 -0.095  0.273    5
111      be1_tp3     tp3R  30m     v3b   204 -0.168 -0.480  0.127  0.278 -0.602  0.107  0.285   4    NaN    NaN    2
112      be1_tp3     tp3R  30m      v4  1073  0.096 -0.001  0.184  0.043 -0.097  0.256  0.290   7 -0.158  0.299    4
113      be1_tp3     tp3R  30m  pooled  1277  0.054 -0.041  0.147  0.270 -0.130  0.197  0.536  10 -0.157  0.240    5
114      be1_tp3     tp3R   1h     v3b   119 -0.385 -0.695 -0.095  0.011 -1.022  0.049  0.184   4    NaN    NaN    2
115      be1_tp3     tp3R   1h      v4   661  0.091  0.037  0.148  0.002  0.014  0.191  0.039   7  0.011  0.212    4
116      be1_tp3     tp3R   1h  pooled   780  0.018 -0.068  0.087  0.646 -0.154  0.133  0.780  10 -0.162  0.156    5
117      be1_tp3     tp3R   4h     v3b     5  0.000    NaN    NaN    NaN    NaN    NaN    NaN   2    NaN    NaN    2
118      be1_tp3     tp3R   4h      v4   107  0.000  0.000  0.000  1.000  0.000  0.000  1.000   6  0.000  0.000    4
119      be1_tp3     tp3R   4h  pooled   112  0.000  0.000  0.000  1.000  0.000  0.000  1.000   8  0.000  0.000    5
120  be1_RL1.5_1  RL1.5_1  15m     v3b   407  0.119  0.043  0.187  0.002  0.033  0.178  0.004   4    NaN    NaN    2
121  be1_RL1.5_1  RL1.5_1  15m      v4  2070  0.016 -0.075  0.098  0.716 -0.095  0.141  0.796   7 -0.106  0.144    4
122  be1_RL1.5_1  RL1.5_1  15m  pooled  2477  0.033 -0.045  0.100  0.371 -0.064  0.136  0.538  10 -0.091  0.143    5
123  be1_RL1.5_1  RL1.5_1  30m     v3b   204  0.076 -0.073  0.258  0.371 -0.032  0.180  0.240   4    NaN    NaN    2
124  be1_RL1.5_1  RL1.5_1  30m      v4  1073 -0.004 -0.057  0.042  0.874 -0.096  0.064  0.935   7 -0.153  0.069    4
125  be1_RL1.5_1  RL1.5_1  30m  pooled  1277  0.009 -0.040  0.058  0.714 -0.066  0.070  0.792  10 -0.076  0.082    5
126  be1_RL1.5_1  RL1.5_1   1h     v3b   119 -0.116 -0.284  0.046  0.170 -0.290  0.112  0.488   4    NaN    NaN    2
127  be1_RL1.5_1  RL1.5_1   1h      v4   661  0.071  0.036  0.107  0.000  0.027  0.124  0.006   7  0.023  0.138    4
128  be1_RL1.5_1  RL1.5_1   1h  pooled   780  0.042 -0.003  0.082  0.054 -0.029  0.099  0.182  10 -0.023  0.114    5
129  be1_RL1.5_1  RL1.5_1   4h     v3b     5  0.000    NaN    NaN    NaN    NaN    NaN    NaN   2    NaN    NaN    2
130  be1_RL1.5_1  RL1.5_1   4h      v4   107  0.000  0.000  0.000  1.000  0.000  0.000  1.000   6  0.000  0.000    4
131  be1_RL1.5_1  RL1.5_1   4h  pooled   112  0.000  0.000  0.000  1.000  0.000  0.000  1.000   8  0.000  0.000    5
132    be0.5_tp1     base  15m     v3b   407  0.083 -0.019  0.179  0.098 -0.093  0.142  0.071   4    NaN    NaN    2
133    be0.5_tp1     base  15m      v4  2070 -0.143 -0.286 -0.015  0.039 -0.374  0.041  0.208   7 -0.415  0.039    4
134    be0.5_tp1     base  15m  pooled  2477 -0.106 -0.239  0.008  0.091 -0.311  0.057  0.274  10 -0.323  0.054    5
135    be0.5_tp1     base  30m     v3b   204  0.045 -0.030  0.128  0.278 -0.032  0.180  0.298   4    NaN    NaN    2
136    be0.5_tp1     base  30m      v4  1073 -0.035 -0.106  0.026  0.299 -0.101  0.030  0.294   7 -0.104  0.033    4
137    be0.5_tp1     base  30m  pooled  1277 -0.022 -0.083  0.034  0.461 -0.080  0.035  0.465  10 -0.092  0.042    5
138    be0.5_tp1     base   1h     v3b   119 -0.010 -0.098  0.068  0.817 -0.088  0.031  0.706   4    NaN    NaN    2
139    be0.5_tp1     base   1h      v4   661  0.028 -0.041  0.088  0.382 -0.074  0.110  0.544   7 -0.094  0.116    4
140    be0.5_tp1     base   1h  pooled   780  0.022 -0.038  0.073  0.435 -0.057  0.091  0.569  10 -0.080  0.107    5
141    be0.5_tp1     base   4h     v3b     5 -0.231    NaN    NaN    NaN    NaN    NaN    NaN   2    NaN    NaN    2
142    be0.5_tp1     base   4h      v4   107 -0.047 -0.178  0.026  0.339 -0.224  0.044  0.466   6 -0.185  0.033    4
143    be0.5_tp1     base   4h  pooled   112 -0.055 -0.180  0.016  0.246 -0.223  0.029  0.348   8 -0.188  0.015    5
144     timestop     base  15m     v3b   407  0.037  0.002  0.071  0.035 -0.034  0.056  0.057   4    NaN    NaN    2
145     timestop     base  15m      v4  2070 -0.061 -0.126 -0.013  0.034 -0.156 -0.009  0.086   7 -0.133 -0.004    4
146     timestop     base  15m  pooled  2477 -0.045 -0.101 -0.004  0.065 -0.124  0.007  0.160  10 -0.116  0.003    5
147     timestop     base  30m     v3b   204  0.040  0.006  0.081  0.032 -0.005  0.071  0.048   4    NaN    NaN    2
148     timestop     base  30m      v4  1073 -0.022 -0.083  0.027  0.416 -0.093  0.027  0.578   7 -0.070  0.011    4
149     timestop     base  30m  pooled  1277 -0.012 -0.063  0.030  0.600 -0.074  0.032  0.650  10 -0.057  0.027    5
150     timestop     base   1h     v3b   119  0.020 -0.017  0.068  0.352 -0.043  0.070  0.509   4    NaN    NaN    2
151     timestop     base   1h      v4   661 -0.046 -0.087 -0.014  0.016 -0.094 -0.009  0.052   7 -0.081 -0.019    4
152     timestop     base   1h  pooled   780 -0.036 -0.068 -0.007  0.021 -0.079  0.003  0.082  10 -0.057 -0.012    5
153     timestop     base   4h     v3b     5 -0.042    NaN    NaN    NaN    NaN    NaN    NaN   2    NaN    NaN    2
154     timestop     base   4h      v4   107  0.051  0.000  0.128  0.192  0.000  0.145  0.194   6  0.000  0.157    4
155     timestop     base   4h  pooled   112  0.047 -0.010  0.124  0.191 -0.011  0.139  0.200   8  0.004  0.140    5
156     time_neg     base  15m     v3b   407  0.043  0.009  0.077  0.018 -0.040  0.064  0.061   4    NaN    NaN    2
157     time_neg     base  15m      v4  2070 -0.035 -0.078 -0.003  0.066 -0.084 -0.003  0.074   7 -0.076 -0.003    4
158     time_neg     base  15m  pooled  2477 -0.023 -0.061  0.006  0.178 -0.064  0.012  0.233  10 -0.060  0.006    5
159     time_neg     base  30m     v3b   204  0.043  0.009  0.082  0.020 -0.005  0.061  0.044   4    NaN    NaN    2
160     time_neg     base  30m      v4  1073 -0.012 -0.072  0.035  0.667 -0.078  0.037  0.670   7 -0.058  0.020    4
161     time_neg     base  30m  pooled  1277 -0.003 -0.055  0.037  0.898 -0.059  0.041  0.894  10 -0.045  0.029    5
162     time_neg     base   1h     v3b   119  0.020 -0.017  0.068  0.352 -0.043  0.070  0.509   4    NaN    NaN    2
163     time_neg     base   1h      v4   661 -0.040 -0.078 -0.012  0.021 -0.086 -0.007  0.061   7 -0.074 -0.015    4
164     time_neg     base   1h  pooled   780 -0.031 -0.061 -0.005  0.030 -0.072  0.005  0.106  10 -0.052 -0.009    5
165     time_neg     base   4h     v3b     5 -0.042    NaN    NaN    NaN    NaN    NaN    NaN   2    NaN    NaN    2
166     time_neg     base   4h      v4   107  0.051  0.000  0.128  0.192  0.000  0.145  0.194   6  0.000  0.157    4
167     time_neg     base   4h  pooled   112  0.047 -0.010  0.124  0.191 -0.011  0.139  0.200   8  0.004  0.140    5
168   time_max2x     base  15m     v3b   407  0.011  0.002  0.022  0.032  0.000  0.021  0.063   4    NaN    NaN    2
169   time_max2x     base  15m      v4  2070 -0.023 -0.052 -0.003  0.059 -0.058 -0.003  0.088   7 -0.052 -0.001    4
170   time_max2x     base  15m  pooled  2477 -0.017 -0.043 -0.001  0.093 -0.047  0.002  0.146  10 -0.044 -0.001    5
171   time_max2x     base  30m     v3b   204  0.005 -0.000  0.017  0.414 -0.000  0.031  0.510   4    NaN    NaN    2
172   time_max2x     base  30m      v4  1073 -0.007 -0.018  0.000  0.095 -0.025  0.000  0.501   7 -0.033  0.000    4
173   time_max2x     base  30m  pooled  1277 -0.005 -0.014  0.001  0.223 -0.017  0.000  0.514  10 -0.017  0.000    5
174   time_max2x     base   1h     v3b   119  0.025 -0.014  0.068  0.243 -0.053  0.087  0.509   4    NaN    NaN    2
175   time_max2x     base   1h      v4   661  0.004 -0.008  0.018  0.489 -0.006  0.021  0.584   7 -0.005  0.027    4
176   time_max2x     base   1h  pooled   780  0.008 -0.004  0.021  0.244 -0.003  0.025  0.282  10 -0.005  0.032    5
177   time_max2x     base   4h     v3b     5  0.000    NaN    NaN    NaN    NaN    NaN    NaN   2    NaN    NaN    2
178   time_max2x     base   4h      v4   107  0.000  0.000  0.000  1.000  0.000  0.000  1.000   6  0.000  0.000    4
179   time_max2x     base   4h  pooled   112  0.000  0.000  0.000  1.000  0.000  0.000  1.000   8  0.000  0.000    5
180       stopw3     base  15m     v3b   407 -0.037 -0.118  0.060  0.406 -0.153  0.065  0.626   4    NaN    NaN    2
181       stopw3     base  15m      v4  2070 -0.053 -0.106  0.005  0.059 -0.127  0.021  0.146   7 -0.097  0.026    4
182       stopw3     base  15m  pooled  2477 -0.051 -0.098  0.003  0.045 -0.115  0.015  0.131  10 -0.107  0.020    5
183       stopw3     base  30m     v3b   204 -0.056 -0.177  0.088  0.416 -0.173  0.308  0.630   4    NaN    NaN    2
184       stopw3     base  30m      v4  1073 -0.040 -0.096  0.015  0.155 -0.122  0.029  0.321   7 -0.121  0.040    4
185       stopw3     base  30m  pooled  1277 -0.043 -0.096  0.008  0.107 -0.119  0.025  0.254  10 -0.114  0.022    5
186       stopw3     base   1h     v3b   119  0.035 -0.151  0.260  0.736 -0.250  0.311  0.798   4    NaN    NaN    2
187       stopw3     base   1h      v4   661 -0.028 -0.087  0.030  0.353 -0.104  0.058  0.492   7 -0.113  0.064    4
188       stopw3     base   1h  pooled   780 -0.018 -0.078  0.043  0.542 -0.091  0.073  0.656  10 -0.092  0.058    5
189       stopw3     base   4h     v3b     5 -0.099    NaN    NaN    NaN    NaN    NaN    NaN   2    NaN    NaN    2
190       stopw3     base   4h      v4   107 -0.065 -0.158  0.025  0.164 -0.137  0.009  0.085   6 -0.141  0.001    4
191       stopw3     base   4h  pooled   112 -0.067 -0.157  0.017  0.135 -0.136  0.004  0.065   8 -0.139 -0.006    5
192     stopw2.5     base  15m     v3b   407 -0.033 -0.087  0.035  0.314 -0.065  0.004  0.073   4    NaN    NaN    2
193     stopw2.5     base  15m      v4  2070 -0.034 -0.064  0.001  0.041 -0.081  0.025  0.209   7 -0.062  0.027    4
194     stopw2.5     base  15m  pooled  2477 -0.034 -0.061 -0.001  0.029 -0.074  0.017  0.145  10 -0.064  0.011    5
195     stopw2.5     base  30m     v3b   204 -0.024 -0.088  0.052  0.496 -0.081  0.127  0.634   4    NaN    NaN    2
196     stopw2.5     base  30m      v4  1073 -0.017 -0.050  0.015  0.326 -0.069  0.029  0.494   7 -0.064  0.027    4
197     stopw2.5     base  30m  pooled  1277 -0.018 -0.048  0.011  0.236 -0.062  0.023  0.414  10 -0.050  0.021    5
198     stopw2.5     base   1h     v3b   119 -0.020 -0.114  0.098  0.705 -0.110  0.084  0.682   4    NaN    NaN    2
199     stopw2.5     base   1h      v4   661  0.008 -0.035  0.053  0.726 -0.035  0.045  0.694   7 -0.037  0.049    4
200     stopw2.5     base   1h  pooled   780  0.004 -0.037  0.046  0.858 -0.037  0.039  0.850  10 -0.041  0.045    5
201     stopw2.5     base   4h     v3b     5 -0.049    NaN    NaN    NaN    NaN    NaN    NaN   2    NaN    NaN    2
202     stopw2.5     base   4h      v4   107 -0.021 -0.073  0.040  0.448 -0.062  0.015  0.314   6 -0.071  0.013    4
203     stopw2.5     base   4h  pooled   112 -0.022 -0.074  0.034  0.410 -0.062  0.012  0.275   8 -0.070  0.007    5
204     stopw1.5     base  15m     v3b   407  0.054 -0.017  0.103  0.072  0.014  0.070  0.020   4    NaN    NaN    2
205     stopw1.5     base  15m      v4  2070 -0.006 -0.051  0.031  0.755 -0.075  0.031  0.809   7 -0.101  0.032    4
206     stopw1.5     base  15m  pooled  2477  0.004 -0.036  0.038  0.852 -0.049  0.038  0.870  10 -0.042  0.040    5
207     stopw1.5     base  30m     v3b   204  0.050 -0.005  0.098  0.056  0.007  0.093  0.017   4    NaN    NaN    2
208     stopw1.5     base  30m      v4  1073  0.015 -0.032  0.053  0.484 -0.038  0.061  0.550   7  0.003  0.042    4
209     stopw1.5     base  30m  pooled  1277  0.021 -0.020  0.055  0.274 -0.023  0.061  0.350  10  0.004  0.050    5
210     stopw1.5     base   1h     v3b   119  0.073 -0.004  0.134  0.038 -0.066  0.130  0.056   4    NaN    NaN    2
211     stopw1.5     base   1h      v4   661  0.013 -0.037  0.056  0.565 -0.059  0.060  0.679   7 -0.050  0.061    4
212     stopw1.5     base   1h  pooled   780  0.022 -0.021  0.060  0.280 -0.041  0.067  0.426  10 -0.031  0.072    5
213     stopw1.5     base   4h     v3b     5 -0.185    NaN    NaN    NaN    NaN    NaN    NaN   2    NaN    NaN    2
214     stopw1.5     base   4h      v4   107  0.067  0.029  0.112  0.001  0.039  0.096  0.000   6  0.043  0.088    4
215     stopw1.5     base   4h  pooled   112  0.056  0.007  0.103  0.024  0.002  0.090  0.020   8  0.026  0.086    5
216        geo10     base  15m     v3b   407 -0.230 -0.394 -0.083  0.005 -0.360 -0.143  0.004   4    NaN    NaN    2
217        geo10     base  15m      v4  2070  0.167 -0.051  0.393  0.150 -0.242  0.537  0.415   7 -0.304  0.615    4
218        geo10     base  15m  pooled  2477  0.101 -0.085  0.305  0.296 -0.235  0.424  0.565  10 -0.290  0.544    5
219        geo10     base  30m     v3b   204 -0.045 -0.256  0.162  0.699 -0.104  0.142  0.483   4    NaN    NaN    2
220        geo10     base  30m      v4  1073  0.075 -0.085  0.249  0.388 -0.185  0.374  0.609   7 -0.240  0.483    4
221        geo10     base  30m  pooled  1277  0.056 -0.084  0.213  0.462 -0.158  0.305  0.641  10 -0.203  0.400    5
222        geo10     base   1h     v3b   119  0.145 -0.059  0.357  0.168 -0.035  0.378  0.134   4    NaN    NaN    2
223        geo10     base   1h      v4   661  0.132 -0.022  0.303  0.113 -0.152  0.420  0.386   7 -0.186  0.500    4
224        geo10     base   1h  pooled   780  0.134 -0.003  0.279  0.061 -0.099  0.383  0.288  10 -0.138  0.464    5
225        geo10     base   4h     v3b     5  0.092    NaN    NaN    NaN    NaN    NaN    NaN   2    NaN    NaN    2
226        geo10     base   4h      v4   107 -0.002 -0.139  0.102  0.976 -0.169  0.122  0.982   6 -0.164  0.112    4
227        geo10     base   4h  pooled   112  0.002 -0.121  0.108  0.968 -0.154  0.122  0.969   8 -0.152  0.109    5
228        RL2_1     base  15m     v3b   407 -0.289 -0.441 -0.136  0.000 -0.381 -0.175  0.000   4    NaN    NaN    2
229        RL2_1     base  15m      v4  2070  0.254 -0.031  0.559  0.096 -0.276  0.742  0.354   7 -0.361  0.839    4
230        RL2_1     base  15m  pooled  2477  0.164 -0.079  0.436  0.203 -0.274  0.596  0.471  10 -0.348  0.743    5
231        RL2_1     base  30m     v3b   204 -0.103 -0.387  0.183  0.486 -0.285  0.121  0.347   4    NaN    NaN    2
232        RL2_1     base  30m      v4  1073  0.119 -0.109  0.374  0.348 -0.296  0.557  0.596   7 -0.333  0.657    4
233        RL2_1     base  30m  pooled  1277  0.083 -0.124  0.298  0.435 -0.266  0.447  0.646  10 -0.289  0.580    5
234        RL2_1     base   1h     v3b   119  0.263 -0.035  0.526  0.063  0.086  0.564  0.045   4    NaN    NaN    2
235        RL2_1     base   1h      v4   661  0.218 -0.018  0.474  0.082 -0.275  0.728  0.432   7 -0.347  0.825    4
236        RL2_1     base   1h  pooled   780  0.225  0.014  0.443  0.042 -0.187  0.657  0.306  10 -0.281  0.763    5
237        RL2_1     base   4h     v3b     5 -0.869    NaN    NaN    NaN    NaN    NaN    NaN   2    NaN    NaN    2
238        RL2_1     base   4h      v4   107 -0.182 -0.331 -0.056  0.007 -0.357 -0.064  0.018   6 -0.404 -0.065    4
239        RL2_1     base   4h  pooled   112 -0.213 -0.387 -0.085  0.006 -0.424 -0.090  0.016   8 -0.481 -0.086    5
240     lev40m40     base  15m     v3b   259 -0.015 -0.057  0.024  0.466 -0.060  0.028  0.358   4    NaN    NaN    2
241     lev40m40     base  15m      v4  1819 -0.105 -0.218 -0.003  0.053 -0.297  0.023  0.211   7 -0.351  0.031    4
242     lev40m40     base  15m  pooled  2078 -0.094 -0.200 -0.006  0.058 -0.263  0.019  0.208  10 -0.279  0.024    5
243     lev40m40     base  30m     v3b    47  0.099 -0.028  0.293  0.205 -0.027  0.172  0.067   4    NaN    NaN    2
244     lev40m40     base  30m      v4   426 -0.088 -0.200  0.002  0.082 -0.229  0.010  0.144   7 -0.270  0.015    4
245     lev40m40     base  30m  pooled   473 -0.069 -0.167  0.015  0.123 -0.187  0.025  0.202  10 -0.230  0.036    5
246     lev40m40     base   1h     v3b     9 -0.007 -0.039  0.027  0.509    NaN    NaN    NaN   1    NaN    NaN    1
247     lev40m40     base   1h      v4     0    NaN    NaN    NaN    NaN    NaN    NaN    NaN   0    NaN    NaN    0
248     lev40m40     base   1h  pooled     9 -0.007 -0.039  0.027  0.509    NaN    NaN    NaN   1    NaN    NaN    1
249     lev40m40     base   4h     v3b     0    NaN    NaN    NaN    NaN    NaN    NaN    NaN   0    NaN    NaN    0
250     lev40m40     base   4h      v4     0    NaN    NaN    NaN    NaN    NaN    NaN    NaN   0    NaN    NaN    0
251     lev40m40     base   4h  pooled     0    NaN    NaN    NaN    NaN    NaN    NaN    NaN   0    NaN    NaN    0
