L  dliq%  dliq_exact_long%  dliq_exact_short%  tp%  fee/tp  feeRT%eq(M=.2) (M=.4) liqloss%eq(M=.2)
5 19.5 19.598 19.403 2.0 0.07 0.14 0.28 20.07
10 9.5 9.5477 9.4527 1.0 0.14 0.28 0.56 20.14
20 4.5 4.5226 4.4776 0.5 0.28 0.56 1.12 20.28
25 3.5 3.5176 3.4826 0.4 0.35 0.7 1.4 20.35
30 2.833 2.8476 2.8192 0.333 0.42 0.84 1.68 20.42
40 2.0 2.0101 1.99 0.25 0.56 1.12 2.24 20.56
50 1.5 1.5075 1.4925 0.2 0.7 1.4 2.8 20.7
 tf  atr_med    btc    sol  H1_med  H1_p90  H16_med  H16_p90  liq20_over_atr  tp20_over_atr  share_3atr_at20   medL3
 5m   0.3027 0.2451 0.4164  0.1035  0.3668   0.3901   1.4486         14.8645         1.6516           0.9945 71.0125
15m   0.5335 0.4096 0.7389  0.1793  0.6274   0.6838   2.5671          8.4351         0.9372           0.9709 47.6088
30m   0.7626 0.5747 1.0569  0.2479  0.8911   0.9888   3.6901          5.9007         0.6556           0.9139 35.8699
 1h   1.1012 0.8197 1.5190  0.3464  1.2495   1.4980   5.2486          4.0864         0.4540           0.7530 26.2906
 4h   2.3291 1.6634 3.1624  0.6951  2.5971   3.2119  10.5924          1.9321         0.2147           0.1606 13.3562
 1d   6.1385 4.4235 8.1747  1.9893  6.5198   9.1018  27.2582          0.7331         0.0815           0.0000  5.2866
