         kind         strategy  days  signals_15m_per_day  signals_30m_per_day  moments_per_day  trades_per_day  trades_per_day_live_analytic  trades_per_day_5y_analytic  mean_hold_min_replay  busy_share  calls_signal_per_day  calls_switch_per_day  calls_events_per_day  calls_funding_per_day  calls_event_driven_per_day  calls_with_scans_per_day  calls_with_15m_checks_per_day
70      ds200    F6_VWAP_CROSS   1.5                63.19                47.89            49.22            7.32                          8.59                        6.16                138.48        0.70                  7.32                 10.64                  8.65                   2.00                       28.60                     30.38                         102.21
18      ds200          F14_SMT   1.5                74.49                25.94            27.27            6.65                          7.50                        4.31                139.23        0.64                  6.65                  0.67                 11.31                   2.66                       21.28                     23.43                          83.95
32      ds200       F16_FIB382   1.5                13.30                 6.65            16.63            6.65                          5.51                        4.98                174.89        0.81                  6.65                  0.67                  9.31                   2.00                       18.62                     19.78                          89.62
36      ds200       F16_FIB618   1.5                 9.31                 6.65            10.64            6.65                          4.17                        4.01                209.87        0.97                  6.65                  0.00                  9.31                   1.33                       17.29                     17.48                          68.69
40      ds200            F17_Z   1.5                33.26                17.29            25.27            6.65                          6.92                        6.02                151.24        0.70                  6.65                  2.00                  9.98                   1.33                       19.95                     21.76                          88.94
42      ds200         F17_Z_HL   1.5                31.26                15.96            25.27            6.65                          6.58                        5.17                161.75        0.75                  6.65                  2.00                  9.98                   1.33                       19.95                     21.47                          88.65
72      ds200     F6_VWAP_FAIL   1.5                21.28                16.63            27.27            6.65                          7.85                        6.70                130.70        0.60                  6.65                  2.66                  7.98                   2.66                       19.95                     22.33                          90.84
84      ds200          F9_IFVG   1.5                17.29                 4.66            19.29            6.65                          6.59                        5.68                143.73        0.66                  6.65                  0.00                  9.31                   0.67                       16.63                     18.64                          73.85
8       ds200        F11_TSOUP   1.5                16.63                10.64            20.62            5.99                          5.85                        5.44                176.44        0.73                  5.99                  0.00                  9.98                   2.00                       17.96                     19.56                          80.08
2       ds200          F10_OTE   1.5                15.96                 9.98            17.96            5.32                          5.22                        4.98                195.92        0.72                  5.32                  0.67                  7.98                   0.67                       14.63                     16.29                          80.81
6       ds200         F11_RAID   1.5                25.27                11.97            28.60            5.32                          7.04                        6.35                154.08        0.57                  5.32                  2.00                  7.98                   2.66                       17.96                     20.54                          85.72
16      ds200      F13_RAID_PD   1.5                23.94                11.31            27.27            5.32                          6.81                        6.18                158.52        0.59                  5.32                  2.00                  7.98                   2.66                       17.96                     20.44                          85.63
44      ds200       F1_MOM_DIV   1.5                16.63                 6.65            15.96            5.32                          5.15                        4.71                189.20        0.70                  5.32                  1.33                  7.32                   2.00                       15.96                     17.77                          81.62
52      ds200           F3_BOS   1.5                19.29                 9.31            15.30            5.32                          6.27                        5.67                135.53        0.50                  5.32                  0.00                  8.65                   1.33                       15.30                     18.29                          68.84
58      ds200           F4_FAN   1.5                21.28                13.30            25.27            5.32                          5.93                        5.64                185.75        0.69                  5.32                  0.67                  7.98                   0.00                       13.97                     15.85                          75.05
76      ds200     F7_RF_TRIPLE   1.5                60.53                27.94            47.89            5.32                          7.52                        6.74                161.48        0.60                  5.32                  2.66                  7.98                   2.66                       18.62                     21.04                         105.51
80      ds200       F9_BREAKER   1.5                18.62                 6.65            19.29            5.32                          4.79                        4.26                226.03        0.84                  5.32                  2.66                  7.32                   0.67                       15.96                     16.95                          80.80
82      ds200           F9_FVG   1.5                25.94                 9.98            21.95            5.32                          6.30                        5.35                163.07        0.60                  5.32                  0.67                  7.32                   2.00                       15.30                     17.68                          92.18
12      ds200     F12_MSS_DISP   1.5                 7.98                 3.33             7.98            4.66                          4.61                        3.84                132.24        0.43                  4.66                  0.00                  7.32                   2.00                       13.97                     17.40                          52.65
34      ds200       F16_FIB500   1.5                 8.65                 6.65            13.30            4.66                          4.65                        4.67                201.73        0.65                  4.66                  0.67                  4.66                   2.00                       11.97                     14.06                          75.25
38      ds200       F16_FIB764   1.5                 7.32                 5.32             9.31            4.66                          4.33                        4.40                177.68        0.57                  4.66                  0.67                  7.32                   0.67                       13.30                     15.86                          60.42
56      ds200          F3_HHHL   1.5                30.60                14.63            31.93            4.66                          6.38                        6.01                180.68        0.58                  4.66                  1.33                  7.98                   2.66                       16.63                     19.12                         100.93
74      ds200       F7_RF_ONLY   1.5                18.62                10.64            18.62            4.66                          4.79                        4.42                223.19        0.72                  4.66                  0.67                  5.99                   2.00                       13.30                     14.97                          96.12
10      ds200          F12_MSS   1.5                17.29                 9.98            20.62            3.99                          5.89                        5.74                174.56        0.48                  3.99                  1.33                  3.99                   2.66                       11.97                     15.07                          82.25
14      ds200       F13_FVG_PD   1.5                 5.99                 2.00             6.65            3.99                          3.21                        2.81                231.67        0.64                  3.99                  0.00                  5.99                   2.66                       12.64                     14.79                          69.99
48      ds200       F1_RSI_DIV   1.5                11.97                 3.33            13.97            3.99                          5.25                        5.18                171.39        0.47                  3.99                  0.67                  5.32                   2.00                       11.97                     15.12                          76.98
64      ds200           F5_BOX   1.5                 6.65                 2.66             7.32            3.99                          5.02                        2.96                 90.14        0.25                  3.99                  0.00                  5.99                   0.00                        9.98                     14.48                          33.77
66      ds200       F5_BOX_HTF   1.5                 6.65                 2.66             7.32            3.99                          5.02                        1.42                 90.14        0.25                  3.99                  0.00                  5.99                   0.00                        9.98                     14.48                          33.77
86      ds200            F9_OB   1.5                22.61                11.31            26.61            3.99                          6.30                        5.65                174.59        0.48                  3.99                  0.67                  5.99                   2.66                       13.30                     16.40                          89.56
50      ds200        F2_DEMARK   1.5                25.94                19.95            25.94            3.33                          5.57                        4.08                202.79        0.47                  3.33                  0.00                  3.99                   0.67                        7.98                     11.17                          67.71
54      ds200      F3_BOS_ZONE   1.5                 7.98                 4.66             8.65            3.33                          3.99                        3.45                194.53        0.45                  3.33                  0.67                  5.99                   2.00                       11.97                     15.28                          69.82
60      ds200          F4_PULL   1.5                34.59                13.30            31.93            3.33                          6.16                        4.85                188.53        0.44                  3.33                  0.00                  5.32                   2.66                       11.31                     14.69                          82.54
78      ds200         F8_VWICK   1.5                 9.98                 3.33            11.97            3.33                          5.81                        4.65                127.75        0.30                  3.33                  0.67                  5.99                   1.33                       11.31                     15.54                          50.12
46      ds200       F1_PVT_DIV   1.5                 9.98                 3.99            11.97            2.66                          4.90                        4.58                173.81        0.32                  2.66                  2.00                  3.33                   2.66                       10.64                     14.72                          56.62
0       ds200        F10_M2022   1.5                 2.00                 0.00             2.00            2.00                          1.63                        1.61                164.00        0.23                  2.00                  0.00                  2.00                   0.00                        3.99                      8.63                          29.91
24      ds200      F15_LON_BRK   1.5                 3.99                 3.99             4.66            2.00                          2.85                        3.40                196.42        0.27                  2.00                  0.00                  3.33                   0.00                        5.32                      9.69                          23.66
4       ds200          F11_PO3   1.5                 3.99                 3.99             4.66            1.33                          3.42                        4.01                111.92        0.10                  1.33                  0.00                  2.00                   0.00                        3.33                      8.71                          22.67
20      ds200     F15_ASIA_BRK   1.5                 3.99                 3.33             3.33            1.33                          2.59                        3.15                122.55        0.11                  1.33                  0.00                  2.66                   0.00                        3.99                      9.31                          18.62
22      ds200   F15_ASIA_SWEEP   1.5                 3.99                 3.99             2.66            1.33                          2.32                        2.64                 79.17        0.07                  1.33                  0.00                  2.00                   0.00                        3.33                      8.89                          16.87
26      ds200     F15_OPEN0000   1.5                 7.98                 7.98             1.33            1.33                          1.18                        0.90                135.93        0.13                  1.33                  0.00                  0.67                   0.00                        2.00                      7.24                          12.56
30      ds200          F15_ORB   1.5                 7.98                 7.98             5.32            1.33                          4.26                        3.35                 67.08        0.06                  1.33                  0.00                  1.33                   0.00                        2.66                      8.29                          17.60
28      ds200     F15_OPEN0930   1.5                 3.99                 3.99             0.67            0.67                          0.65                        0.94                 67.50        0.03                  0.67                  0.00                  0.67                   0.00                        1.33                      7.14                          11.13
62      ds200      F4_PULL_RSI   1.5                 0.67                 0.00             0.67            0.67                          0.66                        1.50                 22.00        0.01                  0.67                  0.00                  1.33                   0.00                        2.00                      7.93                           8.60
68      ds200       F5_BOX_RSI   1.5                 0.67                 0.00             0.67            0.67                          0.66                        0.59                 18.00        0.01                  0.67                  0.00                  0.67                   0.00                        1.33                      7.28                           7.95
96   strategy   N04_ST_KLINGER   2.2                53.13                23.16            49.50            9.54                          9.60                        9.65                120.24        0.80                  9.54                  4.09                 11.81                   1.82                       27.25                     28.47                         108.39
134  strategy        N23_HA_ST   2.2                54.04                30.43            43.14            9.08                          8.24                        8.34                143.63        0.91                  9.08                  2.72                 12.26                   1.82                       25.88                     26.45                         108.64
108  strategy      N10_HA_PSAR   2.2                20.89                11.81            23.16            8.63                          7.77                        7.68                130.63        0.78                  8.63                  1.36                 11.81                   2.72                       24.52                     25.83                          92.58
146  strategy        S2_ST_ROC   2.2                51.32                22.25            42.69            8.63                          8.12                        8.13                144.27        0.86                  8.63                  2.72                 11.35                   2.27                       24.98                     25.79                         103.44
132  strategy  N22_VORTEX_PSAR   2.2                38.60                21.34            37.69            8.17                          8.14                        8.20                138.98        0.79                  8.17                  4.54                 10.90                   2.27                       25.88                     27.15                         103.90
138  strategy      N25_DST_CCI   2.2                24.98                15.89            25.88            8.17                          7.26                        7.14                141.31        0.80                  8.17                  0.45                 10.90                   0.91                       20.44                     21.62                          73.85
140  strategy            OBV_B   2.2                25.88                13.17            27.25            8.17                          6.60                        6.66                149.26        0.85                  8.17                  0.91                  9.54                   2.27                       20.89                     21.81                          88.56
122  strategy       N17_KC_RSI   2.2                69.48                28.16            35.88            7.72                          9.46                        9.54                115.23        0.62                  7.72                  0.00                  7.72                   1.36                       16.80                     19.10                          65.42
136  strategy          N24_DMI   2.2                26.34                15.44            26.34            7.27                          6.90                        7.00                140.43        0.71                  7.27                  0.00                  9.54                   1.82                       18.62                     20.37                          90.76
128  strategy    N20_EMA9_CHOP   2.2                31.79                19.53            28.16            6.36                          7.80                        7.44                121.46        0.54                  6.36                  0.00                  7.27                   1.82                       15.44                     18.22                          76.80
142  strategy            OBV_S   2.2                 4.54                 3.63             7.72            6.36                          7.09                        6.75                 62.12        0.27                  6.36                  0.00                  9.08                   1.82                       17.26                     21.61                          44.32
112  strategy      N12_ICHI_AO   2.2                 9.54                 5.45            14.08            5.90                          5.24                        4.92                163.32        0.67                  5.90                  0.00                  8.63                   1.82                       16.35                     18.33                          75.55
124  strategy    N18_VWMA_MACD   2.2                44.50                19.53            33.60            5.90                          7.75                        7.96                146.93        0.60                  5.90                  1.36                  9.08                   1.82                       18.16                     20.55                          88.67
90   strategy       N01_ST_EMA   2.2                14.08                10.44            16.35            5.45                          5.66                        5.93                158.06        0.60                  5.45                  1.36                  8.17                   2.27                       17.26                     19.67                          73.71
106  strategy  N09_ALLIG_AROON   2.2                 9.54                 1.36             8.63            5.45                          4.96                        4.97                141.91        0.54                  5.45                  0.00                  7.27                   2.27                       14.99                     17.76                          69.53
156  strategy          V39_ALL   2.2                13.17                 5.00            15.89            5.45                          6.83                        7.38                138.11        0.52                  5.45                  1.36                  7.72                   1.82                       16.35                     19.21                          72.80
92   strategy       N02_ST_KST   2.2                14.08                 7.27            17.26            4.54                          6.23                        6.50                141.95        0.45                  4.54                  1.82                  5.90                   2.27                       14.53                     17.85                          79.15
88   strategy             DOGE   2.2                 4.09                 1.82             5.45            4.09                          6.34                        8.03                 70.82        0.20                  4.09                  0.00                  5.45                   0.45                        9.99                     14.78                          32.50
150  strategy        S4_BB_BBP   2.2                17.71                 5.90            14.99            4.09                          6.33                        6.11                152.79        0.43                  4.09                  0.91                  5.00                   1.82                       11.81                     15.21                          77.87
158  strategy          V45_AMB   2.2                 5.45                 4.09             9.08            4.09                          3.64                        4.16                198.60        0.56                  4.09                  0.00                  5.45                   1.36                       10.90                     13.52                          59.38
102  strategy     N07_ICHI_CMO   2.2                 3.63                 4.09             6.36            3.63                          4.29                        4.59                148.65        0.38                  3.63                  0.45                  6.36                   0.91                       11.35                     15.10                          62.33
114  strategy     N13_3OUTSIDE   2.2                 5.90                 4.09             9.99            3.63                          5.03                        4.81                138.75        0.35                  3.63                  1.36                  3.63                   1.36                        9.99                     13.89                          58.39
120  strategy        N16_BBRSI   2.2                 3.18                 5.45             6.81            3.63                          4.26                        4.55                134.00        0.34                  3.63                  0.00                  4.54                   1.36                        9.54                     13.51                          57.10
100  strategy     N06_MACD_ORB   2.2                 4.09                 1.36             3.63            3.18                          2.26                        3.65                 59.50        0.13                  3.18                  0.00                  4.09                   0.00                        7.27                     12.48                          27.01
126  strategy     N19_FIB_CHOP   2.2                 6.81                 0.91             7.27            3.18                          3.82                        3.95                160.44        0.35                  3.18                  0.00                  5.00                   1.36                        9.54                     13.41                          45.20
148  strategy  S3_CMO_SANDWICH   2.2                 4.54                 2.27             6.36            3.18                          4.10                        3.85                132.57        0.29                  3.18                  0.00                  4.09                   1.82                        9.08                     13.33                          51.02
98   strategy     N05_PSAR_POC   2.2                 4.09                 1.82             5.45            2.27                          3.01                        3.04                228.77        0.36                  2.27                  0.91                  3.63                   1.36                        8.17                     12.01                          59.24
154  strategy   S6_EMA_DMI_ADX   2.2                 2.27                 1.36             2.72            2.27                          2.49                        3.21                193.00        0.30                  2.27                  0.00                  3.18                   0.91                        6.36                     10.53                          32.78
94   strategy       N03_ADX_GC   2.2                 0.91                 1.36             2.27            1.82                          1.48                        0.83                109.75        0.14                  1.82                  0.00                  2.72                   0.00                        4.54                      9.71                          21.97
104  strategy      N08_ICHI_WR   2.2                 0.00                 0.91             0.91            0.91                          1.42                        1.36                147.50        0.09                  0.91                  0.00                  1.82                   0.45                        3.18                      8.62                          17.25
110  strategy    N11_BREAKAWAY   2.2                 0.00                 0.45             0.45            0.45                          0.57                        0.47                224.00        0.07                  0.45                  0.00                  0.45                   0.00                        0.91                      6.48                          12.84
152  strategy  S5_DONCHIAN_MFI   2.2                 0.00                 0.45             0.45            0.45                          1.33                        1.18                220.00        0.07                  0.45                  0.00                  0.91                   0.45                        1.82                      7.40                          13.76
116  strategy     N14_ICHI_RSI   2.2                 0.00                 0.00             0.00            0.00                          0.00                        0.00                   NaN        0.00                  0.00                  0.00                  0.00                   0.00                        0.00                      6.00                           6.00
118  strategy        N15_KC_AO   2.2                 0.00                 0.00             0.00            0.00                          0.00                        0.07                   NaN        0.00                  0.00                  0.00                  0.00                   0.00                        0.00                      6.00                           6.00
130  strategy   N21_ST_RSI_ADX   2.2                 0.00                 0.00             0.00            0.00                          0.00                        0.00                   NaN        0.00                  0.00                  0.00                  0.00                   0.00                        0.00                      6.00                           6.00
144  strategy  S1_EMA_RSI_CHOP   2.2                 0.00                 0.00             0.00            0.00                          0.00                        0.12                   NaN        0.00                  0.00                  0.00                  0.00                   0.00                        0.00                      6.00                           6.00
strategy n 36 median trades/day 4.09 share >= 1/day 0.81 median event calls/day 11.6 median calls w scans 15.2 median calls w 15m checks 60.9
ds200 n 44 median trades/day 4.66 share >= 1/day 0.93 median event calls/day 13.3 median calls w scans 15.7 median calls w 15m checks 74.4
dedup 4 bars: median signal calls/day {'ds200': 4.66, 'strategy': 4.31} vs dedup 0 {'ds200': 4.66, 'strategy': 4.09}
