luck band 15m coin-flip accounts: {'obs_15m_coinflip_mean_R': np.float64(0.099), 'n': 50, 'blocks_4h': 25, 'exhaustive_15m_mean_R': -0.188, 'sim_mean': np.float64(-0.16), 'sim_p2.5': np.float64(-0.446), 'sim_p97.5': np.float64(0.167), 'p_sim_ge_obs': 0.059}

== exhaustive coin flip (leverage-mixed, cluster CI 4h blocks)
       run timeframe  n_traded  clusters_4h  mean_R  ci_lo  ci_hi   sd_R  mean_cost_R  mean_gross_R  mean_R_long           long_ci  mean_R_short         short_ci  mean_R_incl_unresolved_mark  n_unresolved    win
0      v3b       15m      1372            5  -0.187 -0.227 -0.128  0.867        0.140        -0.047       -0.346  [-0.679, -0.074]        -0.032  [-0.304, 0.262]                       -0.190           212  0.571
1      v3b        1h       326            5  -0.106 -0.204  0.048  0.712        0.085        -0.021       -0.321  [-0.507, -0.138]         0.091  [-0.219, 0.348]                       -0.117            82  0.670
2      v3b       30m       674            5  -0.163 -0.221 -0.076  0.766        0.103        -0.060       -0.371  [-0.688, -0.077]         0.039  [-0.277, 0.303]                       -0.167           118  0.621
3      v3b        4h        14            3   0.257  0.229  0.274  0.055        0.047         0.304        0.301        [nan, nan]         0.250   [0.229, 0.261]                       -0.057            18  1.000
4       v4       15m      3144           10  -0.188 -0.309 -0.041  1.176        0.178        -0.010       -0.617  [-0.833, -0.353]         0.243  [-0.168, 0.690]                       -0.192           312  0.512
5       v4        1h       774           10  -0.070 -0.132 -0.010  0.792        0.085         0.015       -0.443  [-0.739, -0.121]         0.305   [0.052, 0.553]                       -0.075            90  0.672
6       v4       30m      1545           10  -0.119 -0.167 -0.055  0.937        0.121         0.002       -0.477  [-0.743, -0.159]         0.244  [-0.141, 0.624]                       -0.128           183  0.599
7       v4        4h        96            8   0.075 -0.059  0.221  0.767        0.048         0.123       -0.469  [-0.788, -0.196]         0.619   [0.498, 0.753]                        0.060            12  0.729
8   v3b+v4       15m      4516           15  -0.188 -0.273 -0.092  1.091        0.167        -0.021       -0.535  [-0.728, -0.321]         0.159  [-0.149, 0.507]                       -0.192           524  0.530
9   v3b+v4        1h      1100           15  -0.081 -0.137 -0.021  0.769        0.085         0.004       -0.408  [-0.639, -0.172]         0.239   [0.038, 0.443]                       -0.088           172  0.671
10  v3b+v4       30m      2219           15  -0.133 -0.173 -0.082  0.889        0.116        -0.017       -0.445  [-0.659, -0.209]         0.181  [-0.088, 0.474]                       -0.140           301  0.606
11  v3b+v4        4h       110           11   0.098 -0.021  0.224  0.720        0.048         0.146       -0.438  [-0.727, -0.146]         0.545   [0.415, 0.670]                        0.034            30  0.764

== exhaustive by lev group
    run timeframe lev_group  n_traded  n_unresolved  mean_R    win  mean_cost_R  mean_gross_R  lock_share  mean_hold_min                lev_mix
0   v3b       15m      best       690           102  -0.165  0.610        0.140        -0.025       0.612         91.014          40:475 30:215
1   v3b       15m    normal       682           110  -0.193  0.560        0.140        -0.054       0.562         98.972                 30:682
2   v3b        1h      best       163            41  -0.101  0.675        0.085        -0.016       0.675        159.190     30:101 20:52 40:10
3   v3b        1h    normal       163            41  -0.108  0.669        0.085        -0.023       0.669        160.129           30:111 20:52
4   v3b       30m      best       337            59  -0.142  0.644        0.103        -0.038       0.644        118.875      30:242 40:94 20:1
5   v3b       30m    normal       337            59  -0.169  0.614        0.103        -0.066       0.614        123.086            30:336 20:1
6   v3b        4h      best         7             9   0.257  1.000        0.047         0.304       1.000        250.143                   20:7
7   v3b        4h    normal         7             9   0.257  1.000        0.047         0.304       1.000        250.143                   20:7
8    v4       15m      best      1576           152  -0.217  0.560        0.178        -0.039       0.560        134.164  40:1067 50:357 30:152
9    v4       15m    normal      1568           160  -0.180  0.499        0.178        -0.001       0.499        157.420                30:1568
10   v4        1h      best       387            45  -0.070  0.672        0.085         0.015       0.672        294.375           30:340 20:47
11   v4        1h    normal       387            45  -0.070  0.672        0.085         0.015       0.672        294.375           30:340 20:47
12   v4       30m      best       773            91  -0.145  0.616        0.121        -0.024       0.616        190.464          30:460 40:313
13   v4       30m    normal       772            92  -0.112  0.595        0.121         0.009       0.595        205.272                 30:772
14   v4        4h      best        48             6   0.075  0.729        0.048         0.123       0.729        624.875                  20:48
15   v4        4h    normal        48             6   0.075  0.729        0.048         0.123       0.729        624.875                  20:48

== live coin-flip accounts
    run timeframe   n  clusters_4h  mean_R  ci_lo  ci_hi   sd_R    win  long_share  mean_R_long  mean_R_short  n_long  n_short  mean_cost_R  mean_mfe_R  mean_lev                lev_mix  lock_share  mean_hold_min  max_R  share_pnl_top2
0   v3a       15m  23           12  -0.160 -0.720  0.268  1.120  0.565       0.435        0.487        -0.658      10       13        0.286       0.918    40.435   50:13 30:6 20:3 40:1       0.565        250.609  1.271             NaN
1   v3a        1h   6            5  -0.409 -0.870  0.053  0.759  0.500       0.167        0.307        -0.552       1        5        0.072       0.335    26.667              30:4 20:2       0.500        633.500  0.307             NaN
2   v3a       30m  11            8  -0.124 -0.411  0.219  0.803  0.636       0.545       -0.159        -0.082       6        5        0.089       0.537    29.091    30:5 20:4 50:1 40:1       0.636        431.818  0.983             NaN
3   v3a        4h   3            3  -0.601 -1.049  0.290  0.772  0.333       0.333        0.290        -1.047       1        2        0.039       0.165    20.000                   20:3       0.333       2251.667  0.290             NaN
4   v3a        5m  71           17  -0.559 -0.912 -0.244  1.259  0.394       0.465       -0.205        -0.867      33       38        0.378       0.946    47.042       50:54 40:13 30:4       0.394         87.408  2.639             NaN
5   v3b       15m  10            5   0.230 -0.201  0.568  0.763  0.800       0.400        0.324         0.167       4        6        0.123       0.861    31.000              30:9 40:1       0.800         75.000  1.130           0.811
6   v3b        1h   2            2  -0.413    NaN    NaN  0.934  0.500       1.000       -0.413           NaN       2        0        0.079       0.356    25.000              20:1 30:1       0.500        236.000  0.247             NaN
7   v3b       30m   2            2  -1.127    NaN    NaN  0.046  0.000       0.500       -1.094        -1.159       1        1        0.105       0.496    30.000                   30:2       0.000        194.500 -1.094             NaN
8    v4       15m  17            8   0.372 -0.117  0.809  1.065  0.765       0.412        0.058         0.592       7       10        0.184       1.155    32.941        30:13 40:3 50:1       0.765        169.765  2.564           0.626
9    v4        1h   4            4   0.310  0.242  0.433  0.123  1.000       0.250        0.249         0.331       1        3        0.070       0.540    27.500              30:3 20:1       1.000        120.000  0.494           0.609
10   v4       30m  11            7  -0.325 -0.576 -0.037  0.816  0.545       0.545       -0.389        -0.248       6        5        0.124       0.477    30.909             30:10 40:1       0.545        204.636  0.481             NaN
11   v4        4h   2            2  -0.401    NaN    NaN  0.944  0.500       0.500       -1.068         0.266       1        1        0.053       0.212    20.000                   20:2       0.500        224.500  0.266             NaN
12  ALL       15m  50           25   0.099 -0.213  0.382  1.050  0.680       0.420        0.313        -0.056      21       29        0.218       0.987    36.000  30:28 50:14 40:5 20:3       0.680        188.000  2.564           0.802
13  ALL        1h  12           11  -0.170 -0.508  0.170  0.686  0.667       0.333       -0.068        -0.221       4        8        0.073       0.407    26.667              30:8 20:4       0.667        396.083  0.494             NaN
14  ALL       30m  24           17  -0.300 -0.504 -0.086  0.803  0.542       0.542       -0.337        -0.255      13       11        0.107       0.506    30.000   30:17 20:4 40:2 50:1       0.542        307.917  0.983             NaN
15  ALL        4h   5            5  -0.521 -1.056  0.014  0.730  0.400       0.400       -0.389        -0.609       2        3        0.044       0.184    20.000                   20:5       0.400       1440.800  0.290             NaN
16  ALL        5m  71           17  -0.559 -0.928 -0.251  1.259  0.394       0.465       -0.205        -0.867      33       38        0.378       0.946    47.042       50:54 40:13 30:4       0.394         87.408  2.639             NaN

== timing-matched side flip by run
       run timeframe  n_pairs  clusters_4h  timing_matched_coinflip_R  tm_ci_lo  tm_ci_hi  chosen_R  chosen_ci_lo  chosen_ci_hi  excess_R  excess_ci_lo  excess_ci_hi  long_share  R_long_signals  R_long_signals_flipped_short  R_short_signals  R_short_signals_flipped_long
0      v3b       15m      335            5                     -0.221    -0.254    -0.199    -0.398        -0.477        -0.305    -0.178        -0.254        -0.074       0.537          -0.664                         0.182           -0.090                        -0.304
1      v3b        1h       89            4                     -0.213    -0.288    -0.048    -0.470        -0.598        -0.212    -0.257        -0.357        -0.049       0.640          -0.641                         0.214           -0.166                        -0.256
2      v3b       30m      165            5                     -0.227    -0.301    -0.155    -0.271        -0.374        -0.177    -0.045        -0.201         0.076       0.673          -0.481                         0.004            0.160                        -0.565
3      v3b        4h        2            1                      0.252       NaN       NaN     0.301           NaN           NaN     0.049           NaN           NaN       1.000           0.301                         0.204              NaN                           NaN
4       v4       15m     1859           10                     -0.138    -0.288     0.064    -0.059        -0.280         0.260     0.079        -0.046         0.218       0.421          -0.626                         0.338            0.352                        -0.621
5       v4        1h      578            9                     -0.125    -0.193    -0.041    -0.089        -0.196         0.037     0.037        -0.070         0.165       0.505          -0.481                         0.237            0.312                        -0.571
6       v4       30m      949            9                     -0.114    -0.187    -0.025    -0.136        -0.262         0.006    -0.022        -0.092         0.037       0.502          -0.473                         0.246            0.204                        -0.432
7       v4        4h       77            8                      0.011    -0.055     0.145    -0.014        -0.330         0.377    -0.025        -0.299         0.316       0.623          -0.525                         0.432            0.831                        -0.619
8   v3b+v4       15m     2194           15                     -0.151    -0.276     0.011    -0.111        -0.317         0.146     0.040        -0.079         0.157       0.438          -0.633                         0.309            0.297                        -0.581
9   v3b+v4        1h      667           13                     -0.137    -0.200    -0.066    -0.139        -0.261        -0.017    -0.002        -0.112         0.124       0.523          -0.507                         0.234            0.264                        -0.539
10  v3b+v4       30m     1114           14                     -0.131    -0.197    -0.055    -0.156        -0.264        -0.037    -0.025        -0.089         0.030       0.527          -0.475                         0.200            0.199                        -0.445
11  v3b+v4        4h       79            9                      0.017    -0.049     0.149    -0.006        -0.315         0.396    -0.023        -0.289         0.314       0.633          -0.492                         0.423            0.831                        -0.619
