        kind         strategy grade  n_pairs  clusters_1h  long_share  chosen_R  coinflip_R  excess  excess_drift_neutral  cf_same_side_R  timing_excess  timing_excess_ci  timing_excess_v3b  timing_excess_v4  p_better  bh_q_better  excess_v3b  excess_v4  excess_15m  excess_30m  live_n  live_R  live_R_v3a  live_n_v3a  profitable_account_runs  of_which_gone_wo_best_trade direction_luck_flags  sub_per_day  ai_trades_per_day  ai_trades_per_day_5y
0   strategy             DOGE     ?       11            9       0.364    -0.625      -0.266  -0.359                -0.475          -0.035         -0.589  [-1.025, -0.019]             -0.886            -0.420     0.858        0.941      -0.804     -0.105      -0.215      -0.743      25  -0.567      -0.498          16                        0                            0                             9.980              4.087                 8.029
1   strategy       N01_ST_EMA     C       51           24       0.647    -0.058      -0.102   0.044                 0.239          -0.188          0.130   [-0.337, 0.890]             -0.468             0.584     0.440        0.901      -0.532      0.481       0.182      -0.138      28  -0.401      -0.477          14                        0                            0                            22.455              5.449                 5.933
2   strategy       N02_ST_KST     C       44           23       0.523    -0.127      -0.197   0.070                 0.090          -0.127         -0.000   [-0.386, 0.386]             -0.298             0.087     0.362        0.886      -0.324      0.186       0.058       0.093      38  -0.286      -0.413          23                        1                            1                            19.960              4.541                 6.502
3   strategy       N03_ADX_GC     ?        4            4       0.000    -0.298      -0.288  -0.010                   NaN           0.211         -0.509        [nan, nan]                NaN            -0.509       NaN          NaN         NaN     -0.010      -0.857       0.837       7  -0.264      -0.219           3                        2                            1                             1.663              1.816                 0.832
4   strategy   N04_ST_KLINGER     C      144           43       0.542    -0.213      -0.232   0.019                 0.041          -0.140         -0.073   [-0.249, 0.094]             -0.269             0.048     0.422        0.901      -0.331      0.236       0.036      -0.021      56  -0.070      -0.204          23                        2                            1               v4@30m       74.434              9.536                 9.651
5   strategy     N05_PSAR_POC     ?       13           12       0.692    -0.013       0.000  -0.013                -0.110          -0.314          0.301   [-0.290, 0.811]              0.362             0.290     0.543        0.901       0.294     -0.069      -0.093       0.168      13   0.439       0.422           7                        6                            3                             6.237              2.271                 3.036
6   strategy     N06_MACD_ORB     ?       12            7       0.333     0.017      -0.154   0.171                -0.156          -0.110          0.127   [-0.340, 0.494]              0.246             0.042     0.321        0.886       0.375      0.025       0.056       0.515      13   0.218       0.751           4                        4                            1                             3.742              3.179                 3.646
7   strategy     N07_ICHI_CMO     C       17           14       0.588    -0.339      -0.059  -0.280                -0.175          -0.180         -0.160   [-0.543, 0.226]             -0.188            -0.140     0.868        0.941      -0.323     -0.251      -0.815       0.194      24  -0.038      -0.013          14                        3                            1                             9.356              3.633                 4.586
8   strategy      N08_ICHI_WR     ?        2            2       1.000    -0.281      -0.242  -0.040                   NaN          -0.413          0.131        [nan, nan]             -0.799             1.061       NaN          NaN      -0.974      0.895         NaN      -0.040       6   0.246       0.509           4                        3                            2                             1.663              0.908                 1.364
9   strategy  N09_ALLIG_AROON     C       22           15       0.318    -0.370      -0.300  -0.070                -0.101          -0.088         -0.282   [-0.776, 0.129]             -0.282            -0.282     0.614        0.901      -0.233      0.022       0.017      -0.942      32  -0.173      -0.066          16                        1                            1                            12.267              5.449                 4.973
10  strategy      N10_HA_PSAR     C       64           34       0.484     0.009      -0.038   0.047                 0.029          -0.167          0.177   [-0.094, 0.469]              0.191             0.167     0.369        0.886       0.154     -0.022       0.073      -0.002      49   0.039       0.288          22                        4                            2              v3b@15m       37.217              8.628                 7.683
11  strategy    N11_BREAKAWAY     X        1            1       0.000     0.344      -0.386   0.730                   NaN           0.035          0.310        [nan, nan]              0.310               NaN       NaN          NaN       0.730        NaN         NaN       0.730       3  -0.026      -0.211           2                        1                            1                             0.624              0.454                 0.471
12  strategy      N12_ICHI_AO     D       31           24       0.516    -0.492      -0.137  -0.355                -0.344          -0.162         -0.330  [-0.571, -0.048]             -0.377            -0.310     0.984        0.999      -0.548     -0.276      -0.364      -0.340      33  -0.215      -0.034          19                        1                            1                            13.722              5.904                 4.924
13  strategy     N13_3OUTSIDE     B       15           14       0.400     0.273      -0.062   0.334                 0.211          -0.109          0.381   [-0.035, 0.800]              0.352             0.425     0.131        0.859       0.419      0.207       0.469       0.133      24   0.262       0.221          14                        4                            2              v3a@15m        9.772              3.633                 4.806
14  strategy     N14_ICHI_RSI     X        0            0         NaN       NaN         NaN     NaN                   NaN             NaN            NaN                                  NaN               NaN       NaN          NaN         NaN        NaN         NaN         NaN       0     NaN         NaN           0                        0                            0                             0.000              0.000                 0.002
15  strategy        N15_KC_AO     X        0            0         NaN       NaN         NaN     NaN                   NaN             NaN            NaN                                  NaN               NaN       NaN          NaN         NaN        NaN         NaN         NaN       0     NaN         NaN           0                        0                            0                             0.000              0.000                 0.068
16  strategy        N16_BBRSI     ?       12           11       0.417    -0.581      -0.244  -0.337                -0.424          -0.080         -0.501  [-0.971, -0.053]             -0.334            -0.620     0.886        0.945      -0.194     -0.439      -0.654      -0.019      22  -0.270       0.017          14                        1                            1                             8.940              3.633                 4.548
17  strategy       N17_KC_RSI     C      103           25       0.796    -0.048      -0.069   0.022                 0.257          -0.433          0.386    [0.048, 0.852]              0.692             0.325     0.455        0.901       0.632     -0.099       0.095      -0.350      49  -0.264      -0.568          28                        2                            0                           105.829              7.720                 9.537
18  strategy    N18_VWMA_MACD     D      126           31       0.365    -0.443      -0.205  -0.238                -0.362          -0.100         -0.343  [-0.654, -0.013]             -0.173            -0.422     0.919        0.948      -0.058     -0.322      -0.109      -0.526      48  -0.279      -0.128          23                        0                            0                            70.483              5.904                 7.958
19  strategy     N19_FIB_CHOP     ?       12            9       0.250    -0.521      -0.424  -0.097                -0.383           0.049         -0.571   [-1.088, 0.046]             -0.837            -0.517     0.699        0.901      -0.881      0.059      -0.034      -0.413      18  -0.684      -0.760          10                        0                            0                             7.069              3.179                 3.949
20  strategy    N20_EMA9_CHOP     C      111           32       0.000     0.145      -0.164   0.310                   NaN           0.148         -0.002   [-0.293, 0.365]             -0.117             0.040     0.015        0.488       0.128      0.377       0.280       0.359      40  -0.293      -0.781          17                        3                            0              v3b@15m       41.583              6.358                 7.436
21  strategy   N21_ST_RSI_ADX     X        0            0         NaN       NaN         NaN     NaN                   NaN             NaN            NaN                                  NaN               NaN       NaN          NaN         NaN        NaN         NaN         NaN       0     NaN         NaN           0                        0                            0                             0.000              0.000                 0.000
22  strategy  N22_VORTEX_PSAR     C      122           39       0.500    -0.205      -0.109  -0.096                -0.096          -0.178         -0.027   [-0.211, 0.167]             -0.113             0.023     0.777        0.901      -0.089     -0.099      -0.163       0.019      54  -0.163      -0.116          27                        2                            0              v3b@15m       60.296              8.174                 8.203
23  strategy        N23_HA_ST     C      168           43       0.518    -0.128      -0.168   0.041                 0.057          -0.144          0.016   [-0.234, 0.281]             -0.072             0.040     0.367        0.886      -0.145      0.089       0.079      -0.028      60  -0.189      -0.050          27                        1                            0                            90.651              9.082                 8.340
24  strategy          N24_DMI     C       90           37       0.089    -0.040      -0.256   0.217                 0.079           0.084         -0.124   [-0.397, 0.122]             -0.020            -0.190     0.048        0.859       0.105      0.288       0.178       0.287      50  -0.163      -0.506          23                        4                            2      v3b@15m v3b@30m       33.474              7.266                 6.996
25  strategy      N25_DST_CCI     C       84           35       0.524    -0.309      -0.218  -0.090                -0.077          -0.142         -0.167   [-0.424, 0.087]             -0.168            -0.167     0.710        0.901      -0.119     -0.075      -0.137      -0.006      47  -0.393      -0.407          22                        0                            0                            39.920              8.174                 7.135
26  strategy            OBV_B     C       68           35       0.515    -0.277      -0.180  -0.098                -0.087          -0.162         -0.115   [-0.354, 0.112]             -0.032            -0.152     0.794        0.901      -0.003     -0.140      -0.187       0.067      48  -0.268      -0.523          26                        3                            1                            29.940              8.174                 6.657
27  strategy            OBV_S     D       15           15       0.467    -0.255      -0.083  -0.172                -0.226          -0.135         -0.120   [-0.487, 0.255]             -0.427            -0.044     0.715        0.901      -0.350     -0.127      -0.875       0.883      33  -0.178      -0.201          18                        2                            1                            10.812              6.358                 6.747
28  strategy  S1_EMA_RSI_CHOP     X        0            0         NaN       NaN         NaN     NaN                   NaN             NaN            NaN                                  NaN               NaN       NaN          NaN         NaN        NaN         NaN         NaN       0     NaN         NaN           0                        0                            0                             0.000              0.000                 0.120
29  strategy        S2_ST_ROC     C      151           42       0.543    -0.172      -0.099  -0.073                -0.029          -0.152         -0.020   [-0.287, 0.280]             -0.413             0.126     0.695        0.901      -0.502      0.087      -0.052      -0.119      57   0.086       0.104          34                        3                            1                            75.266              8.628                 8.126
30  strategy  S3_CMO_SANDWICH     ?       14           11       0.214     0.226      -0.138   0.364                -0.074          -0.008          0.234   [-0.398, 0.896]             -0.150             0.617     0.143        0.859       0.117      0.611       0.549       0.032      21  -0.404      -0.426          12                        1                            1                             7.069              3.179                 3.848
31  strategy        S4_BB_BBP     C       51           23       0.275     0.305       0.000   0.305                 0.021          -0.022          0.327   [-0.265, 0.974]             -0.232             0.402     0.171        0.859      -0.103      0.359       0.390       0.030      36   0.107       0.206          22                        3                            1                            30.356              4.087                 6.108
32  strategy  S5_DONCHIAN_MFI     ?        1            1       1.000    -1.148      -0.320  -0.828                   NaN          -0.475         -0.674        [nan, nan]                NaN            -0.674       NaN          NaN         NaN     -0.828         NaN      -0.828       5  -0.086       0.179           4                        2                            2                             1.663              0.454                 1.176
33  strategy   S6_EMA_DMI_ADX     ?        7            5       0.571    -0.701      -0.233  -0.468                -0.445          -0.233         -0.468   [-1.042, 0.490]             -0.712             0.994     0.776        0.901      -0.547      0.012      -0.322      -0.831      17  -0.154      -0.042          11                        1                            1                             4.990              2.271                 3.214
34  strategy          V39_ALL     C       37           25       0.324    -0.278      -0.236  -0.042                -0.202          -0.011         -0.267   [-0.625, 0.136]             -0.464            -0.133     0.584        0.901      -0.461      0.244      -0.013      -0.112      35  -0.306      -0.314          18                        0                            0                            22.663              5.449                 7.383
35  strategy          V45_AMB     C       20           15       0.700    -0.369      -0.088  -0.281                -0.006          -0.270         -0.099   [-0.457, 0.232]              0.023            -0.129     0.796        0.901      -0.016     -0.347      -0.281      -0.280      17  -0.257      -0.122           8                        0                            0                             7.693              4.087                 4.164
36     ds200        F10_M2022     ?        3            3       0.333     0.732      -0.258   0.990                 0.995          -0.065          0.797        [nan, nan]                NaN             0.797       NaN          NaN         NaN      0.990       0.990         NaN       3   0.732         NaN           0                        1                            0                             1.995              1.995                 1.615
37     ds200          F10_OTE     C       38           20       0.474    -0.246      -0.141  -0.105                -0.113          -0.147         -0.099   [-0.425, 0.301]                NaN            -0.099     0.685        0.901         NaN     -0.105      -0.018      -0.239      12  -0.158         NaN           0                        1                            1                            25.940              5.321                 4.984
38     ds200          F11_PO3     ?       12            5       0.167    -0.283      -0.286   0.003                 0.309           0.087         -0.370   [-0.771, 0.070]                NaN            -0.370     0.517        0.901         NaN      0.003      -0.020       0.026       5  -0.101         NaN           0                        0                            0                             7.982              1.330                 4.008
39     ds200         F11_RAID     C       53           26       0.585    -0.206      -0.134  -0.072                 0.047          -0.237          0.031   [-0.244, 0.328]                NaN             0.031     0.646        0.901         NaN     -0.072       0.052      -0.335      16  -0.725         NaN           0                        0                            0                            37.247              5.321                 6.353
40     ds200        F11_TSOUP     C       41           24       0.683    -0.372      -0.092  -0.280                -0.050          -0.302         -0.070   [-0.396, 0.207]                NaN            -0.070     0.911        0.948         NaN     -0.280      -0.290      -0.263      13  -0.657         NaN           0                        0                            0                            27.270              5.986                 5.441
41     ds200          F12_MSS     B       39           22       0.487     0.071      -0.115   0.186                 0.174          -0.161          0.231   [-0.125, 0.559]                NaN             0.231     0.178        0.859         NaN      0.186       0.100       0.324       8   0.713         NaN           0                        2                            0                            27.270              3.991                 5.735
42     ds200     F12_MSS_DISP     B       17           10       0.353     0.181      -0.261   0.442                 0.385          -0.057          0.238   [-0.448, 0.772]                NaN             0.238     0.089        0.859         NaN      0.442       0.636      -0.026      11  -0.175         NaN           0                        1                            1                            11.307              4.656                 3.836
43     ds200       F13_FVG_PD     ?       10            7       0.400    -0.350      -0.011  -0.340                -0.405          -0.104         -0.247   [-0.665, 0.334]                NaN            -0.247     0.803        0.901         NaN     -0.340      -0.315      -0.437      10  -0.378         NaN           0                        0                            0                             7.982              3.991                 2.812
44     ds200      F13_RAID_PD     C       50           26       0.580    -0.143      -0.135  -0.007                 0.107          -0.232          0.089   [-0.204, 0.395]                NaN             0.089     0.542        0.901         NaN     -0.007       0.134      -0.309      15  -0.698         NaN           0                        0                            0                            35.252              5.321                 6.183
45     ds200          F14_SMT     C      151           21       0.384    -0.177      -0.202   0.025                -0.079          -0.091         -0.086   [-0.281, 0.135]                NaN            -0.086     0.437        0.901         NaN      0.025       0.059      -0.074      17  -0.184         NaN           0                        1                            0                           100.434              6.651                 4.310
46     ds200     F15_ASIA_BRK     ?       11            4       0.273    -1.201      -0.125  -1.076                -1.007           0.011         -1.212        [nan, nan]                NaN            -1.212       NaN          NaN         NaN     -1.076      -1.258      -0.858       4  -1.201         NaN           0                        0                            0                             7.316              1.330                 3.151
47     ds200   F15_ASIA_SWEEP     ?       12            3       0.833     0.491      -0.205   0.695                 0.050          -0.409          0.900        [nan, nan]                NaN             0.900       NaN          NaN         NaN      0.695       0.741       0.650       4   0.062         NaN           0                        0                            0                             7.982              1.330                 2.639
48     ds200      F15_LON_BRK     ?       12            3       0.833    -0.738      -0.296  -0.443                -0.585          -0.409         -0.329        [nan, nan]                NaN            -0.329       NaN          NaN         NaN     -0.443      -0.645      -0.240       5  -0.462         NaN           0                        0                            0                             7.982              1.995                 3.399
49     ds200     F15_OPEN0000     ?       14            2       0.857    -0.315      -0.233  -0.081                -0.367          -0.429          0.114        [nan, nan]                NaN             0.114       NaN          NaN         NaN     -0.081      -0.331       0.252       2  -1.276         NaN           0                        0                            0                            15.963              1.330                 0.903
50     ds200     F15_OPEN0930     X       12            1       0.500    -0.243      -0.144  -0.100                -0.100          -0.161         -0.082        [nan, nan]                NaN            -0.082       NaN          NaN         NaN     -0.100      -0.055      -0.144       2  -1.194         NaN           0                        0                            0                             7.982              0.665                 0.945
51     ds200          F15_ORB     ?       24            5       0.167     0.856       0.096   0.760                 0.045           0.083          0.773   [-0.188, 1.501]                NaN             0.773     0.164        0.859         NaN      0.760       0.901       0.619       4   2.069         NaN           0                        1                            0                            15.963              1.330                 3.348
52     ds200       F16_FIB382     C       26           17       0.385    -0.316      -0.177  -0.139                -0.209          -0.083         -0.233   [-0.630, 0.162]                NaN            -0.233     0.763        0.901         NaN     -0.139      -0.166      -0.088       9  -1.036         NaN           0                        0                            0                            19.954              6.651                 4.980
53     ds200       F16_FIB500     B       22           18       0.318     0.224      -0.238   0.462                 0.392          -0.030          0.255   [-0.078, 0.555]                NaN             0.255     0.006        0.384         NaN      0.462       0.573       0.302      10   0.173         NaN           0                        2                            1                            15.298              4.656                 4.673
54     ds200       F16_FIB618     C       23           12       0.391    -0.192      -0.098  -0.094                -0.134          -0.084         -0.108   [-0.518, 0.401]                NaN            -0.108     0.669        0.901         NaN     -0.094      -0.156      -0.014      12  -0.280         NaN           0                        0                            0                            15.963              6.651                 4.013
55     ds200       F16_FIB764     C       19           12       0.368    -0.163      -0.141  -0.022                -0.034          -0.073         -0.091   [-0.517, 0.345]                NaN            -0.091     0.540        0.901         NaN     -0.022      -0.007      -0.042      11  -0.243         NaN           0                        0                            0                            12.637              4.656                 4.396
56     ds200            F17_Z     C       76           24       0.724    -0.160       0.021  -0.181                 0.055          -0.341          0.181   [-0.207, 0.607]                NaN             0.181     0.743        0.901         NaN     -0.181      -0.261      -0.026      16  -0.063         NaN           0                        0                            0                            50.550              6.651                 6.021
57     ds200         F17_Z_HL     C       71           24       0.704    -0.092       0.021  -0.113                 0.089          -0.327          0.234   [-0.144, 0.650]                NaN             0.234     0.645        0.901         NaN     -0.113      -0.198       0.053      15   0.008         NaN           0                        1                            1                            47.224              6.651                 5.168
58     ds200       F1_MOM_DIV     B       35           20       0.629     0.118      -0.154   0.271                 0.309          -0.273          0.391   [-0.066, 0.873]                NaN             0.391     0.138        0.859         NaN      0.271       0.370       0.026      13   0.128         NaN           0                        1                            1                            23.279              5.321                 4.710
59     ds200       F1_PVT_DIV     C       21           15       0.333     0.165       0.157   0.008                -0.287          -0.054          0.219   [-0.448, 1.325]                NaN             0.219     0.496        0.901         NaN      0.008      -0.027       0.094       8  -0.314         NaN           0                        1                            0                            13.968              2.661                 4.581
60     ds200       F1_RSI_DIV     B       23           18       0.478     0.425       0.103   0.322                 0.296          -0.166          0.591   [-0.085, 1.513]                NaN             0.591     0.188        0.859         NaN      0.322       0.347       0.232      10   0.341         NaN           0                        2                            1                            15.298              3.991                 5.180
61     ds200        F2_DEMARK     C       54           13       0.537    -0.170      -0.258   0.088                 0.124          -0.193          0.023   [-0.353, 0.294]                NaN             0.023     0.408        0.901         NaN      0.088       0.193      -0.044      10   0.020         NaN           0                        1                            0                            45.894              3.326                 4.082
62     ds200           F3_BOS     C       43           16       0.279     0.028      -0.090   0.119                -0.144          -0.010          0.038   [-0.601, 0.838]                NaN             0.038     0.365        0.886         NaN      0.119       0.066       0.227      12  -0.202         NaN           0                        1                            1                            28.600              5.321                 5.668
63     ds200      F3_BOS_ZONE     C       19           12       0.526    -0.326      -0.052  -0.274                -0.243          -0.189         -0.137   [-0.871, 1.211]                NaN            -0.137     0.763        0.901         NaN     -0.274      -0.168      -0.455       7  -0.403         NaN           0                        1                            1                            12.637              3.326                 3.451
64     ds200          F3_HHHL     C       59           27       0.305     0.022      -0.171   0.193                -0.073          -0.027          0.049   [-0.496, 0.640]                NaN             0.049     0.255        0.886         NaN      0.193       0.315      -0.084      12  -0.914         NaN           0                        0                            0                            45.229              4.656                 6.007
65     ds200           F4_FAN     C       52           25       0.365    -0.009      -0.078   0.069                -0.080          -0.070          0.061   [-0.358, 0.536]                NaN             0.061     0.373        0.886         NaN      0.069       0.082       0.048      13   0.574         NaN           0                        2                            1               v4@30m       34.587              5.321                 5.637
66     ds200          F4_PULL     D       72           25       0.667    -0.704      -0.245  -0.459                -0.364          -0.296         -0.408  [-0.660, -0.160]                NaN            -0.408     0.999        0.999         NaN     -0.459      -0.360      -0.718      13  -0.948         NaN           0                        0                            0                            47.889              3.326                 4.852
67     ds200      F4_PULL_RSI     ?        1            1       0.000    -1.199      -0.308  -0.891                   NaN           0.199         -1.398        [nan, nan]                NaN            -1.398       NaN          NaN         NaN     -0.891      -0.891         NaN       1  -1.199         NaN           0                        0                            0                             0.665              0.665                 1.501
68     ds200           F5_BOX     ?       14            8       0.429     0.068      -0.177   0.246                 0.212          -0.120          0.188   [-0.543, 0.957]                NaN             0.188     0.284        0.886         NaN      0.246       0.260       0.208       9  -0.134         NaN           0                        0                            0                             9.312              3.991                 2.956
69     ds200       F5_BOX_HTF     ?       14            8       0.429     0.068      -0.177   0.246                 0.212          -0.120          0.188   [-0.542, 0.967]                NaN             0.188     0.287        0.886         NaN      0.246       0.260       0.208       9  -0.134         NaN           0                        0                            0                             9.312              3.991                 1.420
70     ds200       F5_BOX_RSI     X        1            1       0.000     0.461      -0.347   0.809                   NaN           0.199          0.263        [nan, nan]                NaN             0.263       NaN          NaN         NaN      0.809       0.809         NaN       1   0.461         NaN           0                        1                            1                             0.665              0.665                 0.592
71     ds200    F6_VWAP_CROSS     C      145           26       0.483    -0.044      -0.127   0.083                 0.068          -0.153          0.109   [-0.187, 0.398]                NaN             0.109     0.238        0.886         NaN      0.083       0.132       0.017      17   0.117         NaN           0                        1                            1                           111.076              7.316                 6.159
72     ds200     F6_VWAP_FAIL     C       51           23       0.451     0.074      -0.110   0.184                 0.125          -0.131          0.205   [-0.241, 0.659]                NaN             0.205     0.206        0.880         NaN      0.184       0.238       0.120      16  -0.008         NaN           0                        0                            0                            37.912              6.651                 6.699
73     ds200       F7_RF_ONLY     C       42           17       0.476    -0.071      -0.155   0.084                 0.070          -0.151          0.080   [-0.388, 0.539]                NaN             0.080     0.350        0.886         NaN      0.084       0.207      -0.117      10  -0.485         NaN           0                        0                            0                            29.266              4.656                 4.420
74     ds200     F7_RF_TRIPLE     B      122           32       0.393     0.064      -0.161   0.225                 0.103          -0.094          0.158   [-0.191, 0.523]                NaN             0.158     0.098        0.859         NaN      0.225       0.270       0.135      14  -0.268         NaN           0                        0                            0                            88.462              5.321                 6.736
75     ds200         F8_VWICK     C       20           10       0.600    -0.278      -0.207  -0.071                -0.078          -0.256         -0.022   [-0.607, 0.500]                NaN            -0.022     0.608        0.901         NaN     -0.071      -0.105       0.033       8  -0.533         NaN           0                        0                            0                            13.303              3.326                 4.650
76     ds200       F9_BREAKER     C       37           19       0.243     0.098      -0.093   0.190                 0.030           0.023          0.075   [-0.368, 0.638]                NaN             0.075     0.157        0.859         NaN      0.190       0.186       0.202      13  -0.206         NaN           0                        1                            0                            25.275              5.321                 4.264
77     ds200           F9_FVG     C       42           19       0.333     0.019      -0.058   0.077                -0.005          -0.055          0.075   [-0.412, 0.598]                NaN             0.075     0.374        0.886         NaN      0.077       0.015       0.305      12   0.191         NaN           0                        1                            0                            35.917              5.321                 5.345
78     ds200          F9_IFVG     B       33           19       0.697    -0.054      -0.303   0.248                 0.328          -0.328          0.273   [-0.046, 0.607]                NaN             0.273     0.064        0.859         NaN      0.248       0.360      -0.166      15  -0.372         NaN           0                        0                            0                            21.949              6.651                 5.677
79     ds200            F9_OB     C       49           23       0.653    -0.223      -0.162  -0.061                 0.107          -0.291          0.068   [-0.354, 0.564]                NaN             0.068     0.621        0.901         NaN     -0.061       0.083      -0.359      13  -0.531         NaN           0                        0                            0                            33.921              3.991                 5.646
kind      grade
ds200     ?        11
          B         7
          C        23
          D         1
          X         2
strategy  ?        10
          B         1
          C        17
          D         3
          X         5
dtype: int64
min BH q 15m+30m: 0.3839040239940015  min p: 0.005998500374906273
1h/4h: min BH q 0.19995001249687577 min p 0.0049987503124218945
        kind       strategy tfs  ...  bh_q_better  excess_v3b  excess_v4
40  strategy  N20_EMA9_CHOP  1h  ...        0.200         NaN      0.444
90     ds200        F14_SMT  1h  ...        0.725         NaN      0.364

[2 rows x 12 columns]
