IR=0 done
IR=1 done
IR=2 done
IR=3 done
IR=4 done
IR=6 done
IR=8 done
IR=12 done
IR=16 done
IR=24 done
IR=32 done
IR=48 done
IR=64 done
IR=96 done
 inj_ir  L variant  pTP_adv  pLIQ_adv  pSTOP_adv  EROE_adv  EROE_se_adv  mean_hours
      0  5     liq   0.9014    0.0972     0.0000   -0.0193       0.0038     82.4087
      0  5 stop1.0   0.9014    0.0000     0.0972   -0.0172       0.0037     82.4087
      0  5 stop0.5   0.8282    0.0000     0.1718   -0.0109       0.0020     47.4890
      0 10     liq   0.9017    0.0983     0.0000   -0.0244       0.0025     23.8540
      0 10 stop1.0   0.9017    0.0000     0.0982   -0.0202       0.0024     23.8540
      0 10 stop0.5   0.8259    0.0000     0.1741   -0.0159       0.0013     14.1565
      0 20     liq   0.9002    0.0998     0.0000   -0.0381       0.0016      6.8330
      0 20 stop1.0   0.9002    0.0001     0.0997   -0.0295       0.0015      6.8330
      0 20 stop0.5   0.8191    0.0000     0.1809   -0.0285       0.0008      4.0944
      0 25     liq   0.8975    0.1025     0.0000   -0.0474       0.0015      4.5858
      0 25 stop1.0   0.8975    0.0001     0.1025   -0.0364       0.0013      4.5858
      0 25 stop0.5   0.8151    0.0000     0.1849   -0.0353       0.0008      2.7316
      0 30     liq   0.8945    0.1055     0.0000   -0.0570       0.0014      3.2358
      0 30 stop1.0   0.8945    0.0001     0.1054   -0.0434       0.0012      3.2358
      0 30 stop0.5   0.8111    0.0000     0.1889   -0.0419       0.0007      1.9487
      0 40     liq   0.8898    0.1102     0.0000   -0.0751       0.0013      1.8741
      0 40 stop1.0   0.8898    0.0003     0.1099   -0.0562       0.0011      1.8741
      0 40 stop0.5   0.7994    0.0000     0.2006   -0.0569       0.0007      1.1202
      0 50     liq   0.8842    0.1158     0.0000   -0.0940       0.0013      1.1955
      0 50 stop1.0   0.8842    0.0003     0.1155   -0.0692       0.0010      1.1955
      0 50 stop0.5   0.7876    0.0000     0.2124   -0.0713       0.0007      0.7035
      1  5     liq   0.9308    0.0692     0.0000    0.0132       0.0033     63.3526
      1  5 stop1.0   0.9308    0.0000     0.0692    0.0146       0.0033     63.3526
      1  5 stop0.5   0.8642    0.0000     0.1358    0.0107       0.0020     40.7243
      1 10     liq   0.9224    0.0776     0.0000   -0.0014       0.0024     19.9382
      1 10 stop1.0   0.9224    0.0000     0.0776    0.0020       0.0023     19.9382
      1 10 stop0.5   0.8466    0.0000     0.1534   -0.0038       0.0013     12.5817
      1 20     liq   0.9123    0.0877     0.0000   -0.0248       0.0016      6.1185
      1 20 stop1.0   0.9123    0.0001     0.0876   -0.0172       0.0014      6.1185
      1 20 stop0.5   0.8324    0.0000     0.1676   -0.0211       0.0009      3.8146
      1 25     liq   0.9081    0.0919     0.0000   -0.0358       0.0014      4.1453
      1 25 stop1.0   0.9081    0.0000     0.0919   -0.0259       0.0013      4.1453
      1 25 stop0.5   0.8263    0.0000     0.1737   -0.0291       0.0008      2.5528
      1 30     liq   0.9044    0.0956     0.0000   -0.0463       0.0014      2.9780
      1 30 stop1.0   0.9044    0.0001     0.0955   -0.0339       0.0012      2.9780
      1 30 stop0.5   0.8211    0.0000     0.1789   -0.0366       0.0008      1.8307
      1 40     liq   0.8978    0.1022     0.0000   -0.0665       0.0013      1.7242
      1 40 stop1.0   0.8978    0.0002     0.1020   -0.0489       0.0011      1.7242
      1 40 stop0.5   0.8082    0.0000     0.1918   -0.0524       0.0007      1.0606
      1 50     liq   0.8903    0.1097     0.0000   -0.0876       0.0013      1.1098
      1 50 stop1.0   0.8903    0.0003     0.1094   -0.0640       0.0010      1.1098
      1 50 stop0.5   0.7944    0.0000     0.2056   -0.0681       0.0007      0.6707
      2  5     liq   0.9488    0.0512     0.0000    0.0337       0.0029     50.5375
      2  5 stop1.0   0.9488    0.0000     0.0512    0.0348       0.0029     50.5375
      2  5 stop0.5   0.8891    0.0000     0.1109    0.0257       0.0019     34.7226
      2 10     liq   0.9363    0.0637     0.0000    0.0142       0.0022     17.0709
      2 10 stop1.0   0.9363    0.0000     0.0637    0.0170       0.0021     17.0709
      2 10 stop0.5   0.8649    0.0000     0.1351    0.0069       0.0012     11.3190
      2 20     liq   0.9218    0.0782     0.0000   -0.0143       0.0015      5.4674
      2 20 stop1.0   0.9218    0.0001     0.0781   -0.0076       0.0014      5.4674
      2 20 stop0.5   0.8448    0.0000     0.1552   -0.0143       0.0009      3.5532
      2 25     liq   0.9169    0.0831     0.0000   -0.0261       0.0014      3.7496
      2 25 stop1.0   0.9169    0.0001     0.0830   -0.0172       0.0013      3.7496
      2 25 stop0.5   0.8368    0.0000     0.1632   -0.0234       0.0008      2.3887
      2 30     liq   0.9124    0.0876     0.0000   -0.0376       0.0014      2.7176
      2 30 stop1.0   0.9124    0.0001     0.0876   -0.0263       0.0012      2.7176
      2 30 stop0.5   0.8306    0.0000     0.1694   -0.0316       0.0008      1.7230
      2 40     liq   0.9042    0.0958     0.0000   -0.0594       0.0013      1.5912
      2 40 stop1.0   0.9042    0.0002     0.0955   -0.0430       0.0011      1.5912
      2 40 stop0.5   0.8162    0.0000     0.1838   -0.0484       0.0008      1.0011
      2 50     liq   0.8964    0.1036     0.0000   -0.0810       0.0013      1.0366
      2 50 stop1.0   0.8964    0.0003     0.1034   -0.0588       0.0010      1.0366
      2 50 stop0.5   0.8012    0.0000     0.1988   -0.0649       0.0008      0.6418
      3  5     liq   0.9623    0.0377     0.0000    0.0491       0.0025     41.7167
      3  5 stop1.0   0.9623    0.0000     0.0377    0.0499       0.0024     41.7167
      3  5 stop0.5   0.9078    0.0000     0.0922    0.0369       0.0017     30.3409
      3 10     liq   0.9469    0.0531     0.0000    0.0261       0.0020     14.8587
      3 10 stop1.0   0.9469    0.0000     0.0531    0.0284       0.0019     14.8587
      3 10 stop0.5   0.8797    0.0000     0.1203    0.0155       0.0012     10.2633
      3 20     liq   0.9300    0.0700     0.0000   -0.0052       0.0015      4.9271
      3 20 stop1.0   0.9300    0.0001     0.0699    0.0008       0.0014      4.9271
      3 20 stop0.5   0.8553    0.0000     0.1447   -0.0084       0.0009      3.3124
      3 25     liq   0.9248    0.0752     0.0000   -0.0175       0.0014      3.4075
      3 25 stop1.0   0.9248    0.0000     0.0752   -0.0094       0.0013      3.4075
      3 25 stop0.5   0.8463    0.0000     0.1537   -0.0183       0.0009      2.2373
      3 30     liq   0.9191    0.0809     0.0000   -0.0302       0.0013      2.4894
      3 30 stop1.0   0.9191    0.0000     0.0808   -0.0198       0.0012      2.4894
      3 30 stop0.5   0.8392    0.0000     0.1608   -0.0270       0.0008      1.6214
      3 40     liq   0.9101    0.0899     0.0000   -0.0531       0.0013      1.4709
      3 40 stop1.0   0.9101    0.0002     0.0897   -0.0377       0.0011      1.4709
      3 40 stop0.5   0.8231    0.0000     0.1769   -0.0449       0.0008      0.9473
      3 50     liq   0.9019    0.0981     0.0000   -0.0750       0.0013      0.9725
      3 50 stop1.0   0.9019    0.0002     0.0979   -0.0540       0.0010      0.9725
      3 50 stop0.5   0.8075    0.0000     0.1925   -0.0618       0.0008      0.6150
      4  5     liq   0.9717    0.0283     0.0000    0.0598       0.0021     35.3184
      4  5 stop1.0   0.9717    0.0000     0.0283    0.0604       0.0020     35.3184
      4  5 stop0.5   0.9220    0.0000     0.0780    0.0455       0.0016     26.9230
      4 10     liq   0.9555    0.0445     0.0000    0.0357       0.0017     13.1462
      4 10 stop1.0   0.9555    0.0000     0.0445    0.0376       0.0017     13.1462
      4 10 stop0.5   0.8921    0.0000     0.1079    0.0228       0.0012      9.3560
      4 20     liq   0.9371    0.0629     0.0000    0.0025       0.0014      4.4746
      4 20 stop1.0   0.9371    0.0001     0.0629    0.0080       0.0013      4.4746
      4 20 stop0.5   0.8644    0.0000     0.1356   -0.0033       0.0009      3.0854
      4 25     liq   0.9308    0.0692     0.0000   -0.0108       0.0014      3.1221
      4 25 stop1.0   0.9308    0.0001     0.0691   -0.0034       0.0012      3.1221
      4 25 stop0.5   0.8542    0.0000     0.1458   -0.0140       0.0009      2.1000
      4 30     liq   0.9248    0.0752     0.0000   -0.0240       0.0013      2.2963
      4 30 stop1.0   0.9248    0.0000     0.0751   -0.0143       0.0012      2.2963
      4 30 stop0.5   0.8469    0.0000     0.1531   -0.0230       0.0008      1.5285
      4 40     liq   0.9150    0.0850     0.0000   -0.0478       0.0013      1.3805
      4 40 stop1.0   0.9150    0.0002     0.0848   -0.0332       0.0011      1.3805
      4 40 stop0.5   0.8294    0.0000     0.1706   -0.0417       0.0008      0.9051
      4 50     liq   0.9067    0.0933     0.0000   -0.0700       0.0013      0.9208
      4 50 stop1.0   0.9067    0.0001     0.0932   -0.0499       0.0011      0.9208
      4 50 stop0.5   0.8131    0.0000     0.1869   -0.0592       0.0008      0.5932
      6  5     liq   0.9821    0.0179     0.0000    0.0717       0.0016     26.5530
      6  5 stop1.0   0.9821    0.0000     0.0179    0.0721       0.0015     26.5530
      6  5 stop0.5   0.9420    0.0000     0.0580    0.0576       0.0013     21.6608
      6 10     liq   0.9674    0.0326     0.0000    0.0491       0.0015     10.5110
      6 10 stop1.0   0.9674    0.0000     0.0325    0.0505       0.0014     10.5110
      6 10 stop0.5   0.9120    0.0000     0.0880    0.0344       0.0011      7.9057
      6 20     liq   0.9477    0.0523     0.0000    0.0142       0.0013      3.8153
      6 20 stop1.0   0.9477    0.0000     0.0523    0.0187       0.0012      3.8153
      6 20 stop0.5   0.8798    0.0000     0.1202    0.0052       0.0009      2.7151
      6 25     liq   0.9404    0.0596     0.0000   -0.0003       0.0013      2.6873
      6 25 stop1.0   0.9404    0.0000     0.0595    0.0061       0.0012      2.6873
      6 25 stop0.5   0.8681    0.0000     0.1319   -0.0065       0.0009      1.8854
      6 30     liq   0.9337    0.0663     0.0000   -0.0143       0.0013      1.9975
      6 30 stop1.0   0.9337    0.0001     0.0662   -0.0057       0.0012      1.9975
      6 30 stop0.5   0.8597    0.0000     0.1403   -0.0162       0.0009      1.3848
      6 40     liq   0.9238    0.0762     0.0000   -0.0383       0.0013      1.2301
      6 40 stop1.0   0.9238    0.0001     0.0761   -0.0252       0.0011      1.2301
      6 40 stop0.5   0.8411    0.0000     0.1589   -0.0359       0.0009      0.8343
      6 50     liq   0.9135    0.0865     0.0000   -0.0626       0.0013      0.8296
      6 50 stop1.0   0.9135    0.0002     0.0863   -0.0441       0.0011      0.8296
      6 50 stop0.5   0.8226    0.0000     0.1774   -0.0546       0.0009      0.5529
      8  5     liq   0.9873    0.0127     0.0000    0.0778       0.0012     20.9890
      8  5 stop1.0   0.9873    0.0000     0.0127    0.0781       0.0012     20.9890
      8  5 stop0.5   0.9565    0.0000     0.0435    0.0663       0.0011     18.0318
      8 10     liq   0.9757    0.0243     0.0000    0.0583       0.0012      8.7378
      8 10 stop1.0   0.9757    0.0000     0.0243    0.0594       0.0012      8.7378
      8 10 stop0.5   0.9253    0.0000     0.0747    0.0422       0.0010      6.8340
      8 20     liq   0.9551    0.0449     0.0000    0.0224       0.0013      3.3017
      8 20 stop1.0   0.9551    0.0000     0.0448    0.0263       0.0012      3.3017
      8 20 stop0.5   0.8921    0.0000     0.1079    0.0120       0.0010      2.4389
      8 25     liq   0.9483    0.0517     0.0000    0.0083       0.0013      2.3645
      8 25 stop1.0   0.9483    0.0000     0.0517    0.0138       0.0012      2.3645
      8 25 stop0.5   0.8801    0.0000     0.1199    0.0000       0.0009      1.7080
      8 30     liq   0.9406    0.0594     0.0000   -0.0067       0.0013      1.7751
      8 30 stop1.0   0.9406    0.0001     0.0593    0.0009       0.0011      1.7751
      8 30 stop0.5   0.8700    0.0000     0.1300   -0.0108       0.0009      1.2679
      8 40     liq   0.9303    0.0697     0.0000   -0.0312       0.0013      1.1137
      8 40 stop1.0   0.9303    0.0001     0.0696   -0.0193       0.0011      1.1137
      8 40 stop0.5   0.8506    0.0000     0.1494   -0.0311       0.0009      0.7775
      8 50     liq   0.9194    0.0806     0.0000   -0.0564       0.0013      0.7605
      8 50 stop1.0   0.9194    0.0001     0.0805   -0.0391       0.0011      0.7605
      8 50 stop0.5   0.8308    0.0000     0.1693   -0.0507       0.0009      0.5189
     12  5     liq   0.9921    0.0079     0.0000    0.0834       0.0009     14.6369
     12  5 stop1.0   0.9921    0.0000     0.0079    0.0836       0.0009     14.6369
     12  5 stop0.5   0.9722    0.0000     0.0278    0.0759       0.0009     13.3440
     12 10     liq   0.9840    0.0160     0.0000    0.0677       0.0010      6.5104
     12 10 stop1.0   0.9840    0.0000     0.0160    0.0684       0.0009      6.5104
     12 10 stop0.5   0.9440    0.0000     0.0560    0.0531       0.0009      5.4051
     12 20     liq   0.9651    0.0349     0.0000    0.0335       0.0011      2.6227
     12 20 stop1.0   0.9651    0.0000     0.0348    0.0365       0.0011      2.6227
     12 20 stop0.5   0.9096    0.0000     0.0904    0.0218       0.0009      2.0344
     12 25     liq   0.9586    0.0414     0.0000    0.0196       0.0012      1.9157
     12 25 stop1.0   0.9586    0.0000     0.0414    0.0240       0.0011      1.9157
     12 25 stop0.5   0.8970    0.0000     0.1030    0.0092       0.0009      1.4504
     12 30     liq   0.9515    0.0485     0.0000    0.0052       0.0012      1.4662
     12 30 stop1.0   0.9515    0.0000     0.0485    0.0114       0.0011      1.4662
     12 30 stop0.5   0.8866    0.0000     0.1134   -0.0020       0.0009      1.0928
     12 40     liq   0.9407    0.0593     0.0000   -0.0201       0.0012      0.9445
     12 40 stop1.0   0.9407    0.0000     0.0593   -0.0099       0.0010      0.9445
     12 40 stop0.5   0.8660    0.0000     0.1340   -0.0233       0.0009      0.6862
     12 50     liq   0.9302    0.0698     0.0000   -0.0448       0.0013      0.6595
     12 50 stop1.0   0.9302    0.0001     0.0697   -0.0298       0.0010      0.6595
     12 50 stop0.5   0.8447    0.0000     0.1553   -0.0441       0.0009      0.4679
     16  5     liq   0.9944    0.0056     0.0000    0.0862       0.0007     11.2197
     16  5 stop1.0   0.9944    0.0000     0.0056    0.0863       0.0007     11.2197
     16  5 stop0.5   0.9800    0.0000     0.0200    0.0806       0.0007     10.5002
     16 10     liq   0.9880    0.0120     0.0000    0.0723       0.0008      5.1443
     16 10 stop1.0   0.9880    0.0000     0.0120    0.0728       0.0008      5.1443
     16 10 stop0.5   0.9558    0.0000     0.0442    0.0600       0.0008      4.4593
     16 20     liq   0.9719    0.0281     0.0000    0.0410       0.0010      2.1831
     16 20 stop1.0   0.9719    0.0001     0.0280    0.0434       0.0009      2.1831
     16 20 stop0.5   0.9223    0.0000     0.0777    0.0288       0.0009      1.7516
     16 25     liq   0.9656    0.0344     0.0000    0.0273       0.0011      1.6144
     16 25 stop1.0   0.9656    0.0000     0.0344    0.0310       0.0010      1.6144
     16 25 stop0.5   0.9095    0.0000     0.0905    0.0160       0.0009      1.2678
     16 30     liq   0.9595    0.0405     0.0000    0.0139       0.0011      1.2508
     16 30 stop1.0   0.9595    0.0000     0.0404    0.0191       0.0010      1.2508
     16 30 stop0.5   0.8994    0.0000     0.1006    0.0048       0.0009      0.9634
     16 40     liq   0.9484    0.0516     0.0000   -0.0118       0.0012      0.8184
     16 40 stop1.0   0.9484    0.0001     0.0516   -0.0029       0.0010      0.8184
     16 40 stop0.5   0.8788    0.0000     0.1212   -0.0169       0.0009      0.6154
     16 50     liq   0.9376    0.0624     0.0000   -0.0369       0.0013      0.5822
     16 50 stop1.0   0.9376    0.0001     0.0623   -0.0235       0.0010      0.5822
     16 50 stop0.5   0.8567    0.0000     0.1433   -0.0383       0.0010      0.4259
     24  5     liq   0.9966    0.0034     0.0000    0.0888       0.0005      7.7014
     24  5 stop1.0   0.9966    0.0000     0.0034    0.0889       0.0005      7.7014
     24  5 stop0.5   0.9873    0.0000     0.0127    0.0851       0.0005      7.3898
     24 10     liq   0.9924    0.0076     0.0000    0.0772       0.0006      3.6631
     24 10 stop1.0   0.9924    0.0000     0.0076    0.0775       0.0006      3.6631
     24 10 stop0.5   0.9698    0.0000     0.0302    0.0682       0.0007      3.3184
     24 20     liq   0.9806    0.0194     0.0000    0.0505       0.0008      1.6366
     24 20 stop1.0   0.9806    0.0000     0.0194    0.0522       0.0008      1.6366
     24 20 stop0.5   0.9404    0.0000     0.0596    0.0389       0.0008      1.3740
     24 25     liq   0.9746    0.0254     0.0000    0.0372       0.0009      1.2344
     24 25 stop1.0   0.9746    0.0000     0.0254    0.0399       0.0008      1.2344
     24 25 stop0.5   0.9277    0.0000     0.0723    0.0258       0.0008      1.0145
     24 30     liq   0.9694    0.0306     0.0000    0.0247       0.0010      0.9739
     24 30 stop1.0   0.9694    0.0000     0.0306    0.0286       0.0009      0.9739
     24 30 stop0.5   0.9176    0.0000     0.0824    0.0144       0.0009      0.7853
     24 40     liq   0.9591    0.0409     0.0000   -0.0001       0.0011      0.6571
     24 40 stop1.0   0.9591    0.0001     0.0408    0.0069       0.0009      0.6571
     24 40 stop0.5   0.8964    0.0000     0.1036   -0.0080       0.0009      0.5172
     24 50     liq   0.9487    0.0513     0.0000   -0.0249       0.0012      0.4802
     24 50 stop1.0   0.9487    0.0000     0.0513   -0.0139       0.0010      0.4802
     24 50 stop0.5   0.8752    0.0000     0.1248   -0.0295       0.0010      0.3676
     32  5     liq   0.9978    0.0022     0.0000    0.0903       0.0004      5.8562
     32  5 stop1.0   0.9978    0.0000     0.0022    0.0903       0.0003      5.8562
     32  5 stop0.5   0.9912    0.0000     0.0088    0.0875       0.0004      5.6900
     32 10     liq   0.9946    0.0054     0.0000    0.0797       0.0005      2.8388
     32 10 stop1.0   0.9946    0.0000     0.0054    0.0799       0.0005      2.8388
     32 10 stop0.5   0.9776    0.0000     0.0224    0.0728       0.0006      2.6472
     32 20     liq   0.9853    0.0147     0.0000    0.0557       0.0007      1.3147
     32 20 stop1.0   0.9853    0.0000     0.0147    0.0570       0.0007      1.3147
     32 20 stop0.5   0.9514    0.0000     0.0486    0.0450       0.0007      1.1382
     32 25     liq   0.9802    0.0198     0.0000    0.0432       0.0008      1.0037
     32 25 stop1.0   0.9802    0.0000     0.0198    0.0453       0.0007      1.0037
     32 25 stop0.5   0.9400    0.0000     0.0600    0.0325       0.0008      0.8513
     32 30     liq   0.9754    0.0246     0.0000    0.0311       0.0009      0.7987
     32 30 stop1.0   0.9754    0.0000     0.0246    0.0343       0.0008      0.7987
     32 30 stop0.5   0.9304    0.0000     0.0696    0.0212       0.0008      0.6687
     32 40     liq   0.9666    0.0334     0.0000    0.0079       0.0010      0.5536
     32 40 stop1.0   0.9666    0.0000     0.0334    0.0136       0.0008      0.5536
     32 40 stop0.5   0.9098    0.0000     0.0902   -0.0013       0.0009      0.4491
     32 50     liq   0.9562    0.0438     0.0000   -0.0169       0.0012      0.4117
     32 50 stop1.0   0.9562    0.0000     0.0438   -0.0075       0.0009      0.4117
     32 50 stop0.5   0.8886    0.0000     0.1114   -0.0231       0.0010      0.3257
     48  5     liq   0.9986    0.0014     0.0000    0.0913       0.0003      3.9773
     48  5 stop1.0   0.9986    0.0000     0.0014    0.0913       0.0003      3.9773
     48  5 stop0.5   0.9944    0.0000     0.0056    0.0894       0.0003      3.9116
     48 10     liq   0.9966    0.0034     0.0000    0.0821       0.0004      1.9585
     48 10 stop1.0   0.9966    0.0000     0.0034    0.0822       0.0003      1.9585
     48 10 stop0.5   0.9863    0.0000     0.0137    0.0779       0.0004      1.8767
     48 20     liq   0.9905    0.0095     0.0000    0.0615       0.0006      0.9418
     48 20 stop1.0   0.9905    0.0000     0.0095    0.0623       0.0005      0.9418
     48 20 stop0.5   0.9660    0.0000     0.0340    0.0531       0.0006      0.8533
     48 25     liq   0.9865    0.0135     0.0000    0.0502       0.0007      0.7320
     48 25 stop1.0   0.9865    0.0000     0.0135    0.0516       0.0006      0.7320
     48 25 stop0.5   0.9562    0.0000     0.0438    0.0413       0.0007      0.6504
     48 30     liq   0.9826    0.0174     0.0000    0.0390       0.0008      0.5943
     48 30 stop1.0   0.9826    0.0000     0.0174    0.0412       0.0007      0.5943
     48 30 stop0.5   0.9467    0.0000     0.0533    0.0298       0.0007      0.5188
     48 40     liq   0.9753    0.0247     0.0000    0.0173       0.0009      0.4259
     48 40 stop1.0   0.9753    0.0000     0.0246    0.0216       0.0007      0.4259
     48 40 stop0.5   0.9275    0.0000     0.0725    0.0076       0.0009      0.3611
     48 50     liq   0.9661    0.0339     0.0000   -0.0063       0.0011      0.3238
     48 50 stop1.0   0.9661    0.0000     0.0339    0.0010       0.0009      0.3238
     48 50 stop0.5   0.9071    0.0000     0.0929   -0.0143       0.0010      0.2682
     64  5     liq   0.9990    0.0010     0.0000    0.0917       0.0002      3.0104
     64  5 stop1.0   0.9990    0.0000     0.0010    0.0918       0.0002      3.0104
     64  5 stop0.5   0.9964    0.0000     0.0036    0.0907       0.0002      2.9802
     64 10     liq   0.9976    0.0024     0.0000    0.0832       0.0003      1.4977
     64 10 stop1.0   0.9976    0.0000     0.0024    0.0833       0.0003      1.4977
     64 10 stop0.5   0.9905    0.0000     0.0095    0.0803       0.0003      1.4544
     64 20     liq   0.9930    0.0070     0.0000    0.0642       0.0005      0.7373
     64 20 stop1.0   0.9930    0.0000     0.0070    0.0648       0.0004      0.7373
     64 20 stop0.5   0.9739    0.0000     0.0261    0.0575       0.0005      0.6848
     64 25     liq   0.9900    0.0100     0.0000    0.0540       0.0006      0.5829
     64 25 stop1.0   0.9900    0.0000     0.0100    0.0551       0.0005      0.5829
     64 25 stop0.5   0.9658    0.0000     0.0342    0.0465       0.0006      0.5315
     64 30     liq   0.9866    0.0134     0.0000    0.0434       0.0007      0.4788
     64 30 stop1.0   0.9866    0.0000     0.0134    0.0451       0.0006      0.4788
     64 30 stop0.5   0.9574    0.0000     0.0426    0.0355       0.0007      0.4304
     64 40     liq   0.9808    0.0192     0.0000    0.0232       0.0008      0.3495
     64 40 stop1.0   0.9808    0.0000     0.0192    0.0265       0.0007      0.3495
     64 40 stop0.5   0.9392    0.0000     0.0608    0.0134       0.0008      0.3046
     64 50     liq   0.9725    0.0275     0.0000    0.0005       0.0010      0.2714
     64 50 stop1.0   0.9725    0.0000     0.0275    0.0064       0.0008      0.2714
     64 50 stop0.5   0.9200    0.0000     0.0800   -0.0082       0.0009      0.2316
     96  5     liq   0.9994    0.0006     0.0000    0.0922       0.0001      2.0331
     96  5 stop1.0   0.9994    0.0000     0.0006    0.0922       0.0001      2.0331
     96  5 stop0.5   0.9978    0.0000     0.0022    0.0916       0.0002      2.0213
     96 10     liq   0.9985    0.0015     0.0000    0.0842       0.0002      1.0278
     96 10 stop1.0   0.9985    0.0000     0.0015    0.0843       0.0002      1.0278
     96 10 stop0.5   0.9939    0.0000     0.0061    0.0824       0.0003      1.0105
     96 20     liq   0.9957    0.0043     0.0000    0.0672       0.0004      0.5213
     96 20 stop1.0   0.9957    0.0000     0.0043    0.0676       0.0003      0.5213
     96 20 stop0.5   0.9827    0.0000     0.0173    0.0623       0.0004      0.4977
     96 25     liq   0.9936    0.0064     0.0000    0.0580       0.0004      0.4174
     96 25 stop1.0   0.9936    0.0000     0.0064    0.0587       0.0004      0.4174
     96 25 stop0.5   0.9766    0.0000     0.0234    0.0523       0.0005      0.3933
     96 30     liq   0.9914    0.0086     0.0000    0.0486       0.0005      0.3496
     96 30 stop1.0   0.9914    0.0000     0.0086    0.0497       0.0004      0.3496
     96 30 stop0.5   0.9699    0.0000     0.0301    0.0421       0.0006      0.3252
     96 40     liq   0.9867    0.0133     0.0000    0.0296       0.0007      0.2633
     96 40 stop1.0   0.9867    0.0000     0.0133    0.0319       0.0005      0.2633
     96 40 stop0.5   0.9542    0.0000     0.0458    0.0210       0.0007      0.2391
     96 50     liq   0.9802    0.0198     0.0000    0.0088       0.0009      0.2111
     96 50 stop1.0   0.9802    0.0000     0.0198    0.0131       0.0007      0.2111
     96 50 stop0.5   0.9361    0.0000     0.0639   -0.0005       0.0009      0.1873
 L variant  breakeven_ir_injected  pTP_at_breakeven  wald_estimate_ir  pstar_tilt  EROE_at_IR2  EROE_at_IR1
 5     liq                 0.5948            0.9189            0.4403      0.9188       0.0337       0.0132
 5 stop0.5                 0.5058            0.8464            0.4423      0.8466       0.0257       0.0107
 5 stop1.0                 0.5407            0.9173            0.4006      0.9172       0.0348       0.0146
10     liq                 1.0875            0.9236            0.9447      0.9239       0.0142      -0.0014
10 stop0.5                 1.3526            0.8531            1.0822      0.8534       0.0069      -0.0038
10 stop1.0                 0.9109            0.9205            0.8130      0.9208       0.0170       0.0020
20     liq                 3.6713            0.9348            2.4749      0.9351      -0.0143      -0.0248
20 stop0.5                 4.7784            0.8704            3.3668      0.8709      -0.0143      -0.0211
20 stop1.0                 2.9035            0.9293            2.0817      0.9296      -0.0076      -0.0172
25     liq                 6.0706            0.9407            3.5969      0.9411      -0.0261      -0.0358
25 stop0.5                 7.9966            0.8801            4.9896      0.8806      -0.0234      -0.0291
25 stop1.0                 4.7167            0.9343            3.0647      0.9347      -0.0172      -0.0259
30     liq                10.2644            0.9468            4.9949      0.9472      -0.0376      -0.0463
30 stop0.5                13.1564            0.8903            6.9293      0.8908      -0.0316      -0.0366
30 stop1.0                 7.7227            0.9397            4.3188      0.9401      -0.0263      -0.0339
40     liq                24.1461            0.9593            8.1296      0.9597      -0.0594      -0.0665
40 stop0.5                34.3815            0.9124           12.2766      0.9130      -0.0484      -0.0524
40 stop1.0                18.3764            0.9516            7.2393      0.9520      -0.0430      -0.0489
50     liq                62.7916            0.9720           12.1413      0.9724      -0.0810      -0.0876
50 stop0.5                    NaN               NaN           19.6164      0.9376      -0.0649      -0.0681
50 stop1.0                46.1701            0.9650           11.1853      0.9655      -0.0588      -0.0640
