(a) ATR-adaptive leverage
  tf         k_atr  median_Lk  p10_Lk  share_Lk_ge20  share_Lk_ge30  share_Lk_ge50
 5m             1    124.574  90.656          1.000          0.999          0.995
 5m             2     90.460  58.612          0.998          0.993          0.949
 5m             3     71.013  43.305          0.995          0.976          0.830
 5m tp20x>=0.5ATR        NaN     NaN          0.980            NaN            NaN
15m             1     96.761  65.656          0.999          0.997          0.971
15m             2     63.818  39.274          0.993          0.965          0.756
15m             3     47.609  28.017          0.971          0.872          0.446
15m tp20x>=0.5ATR        NaN     NaN          0.893            NaN            NaN
30m             1     79.201  51.871          0.998          0.991          0.914
30m             2     49.377  29.800          0.978          0.898          0.486
30m             3     35.870  20.905          0.914          0.675          0.189
30m tp20x>=0.5ATR        NaN     NaN          0.716            NaN            NaN
 1h             1     62.453  39.972          0.995          0.968          0.753
 1h             2     37.004  22.205          0.931          0.711          0.207
 1h             3     26.291  15.372          0.753          0.369          0.048
 1h tp20x>=0.5ATR        NaN     NaN          0.416            NaN            NaN
 4h             1     35.354  22.094          0.934          0.695          0.161
 4h             2     19.391  11.693          0.469          0.132          0.006
 4h             3     13.359   7.950          0.161          0.020          0.000
 4h tp20x>=0.5ATR        NaN     NaN          0.028            NaN            NaN
 1d             1     15.085   9.768          0.196          0.018          0.000
 1d             2      7.838   5.006          0.004          0.000          0.000
 1d             3      5.295   3.366          0.000          0.000          0.000
 1d tp20x>=0.5ATR        NaN     NaN          0.000            NaN            NaN 

(b) TP size sensitivity (5m paths)
  tp_roe  L variant  tp_pct  stop_pct  p0_brownian  pTP_adv  pLIQ_adv  pSTOP_adv  pTO_adv  mean_hours  EROE_adv  EROE_se_adv  Eeq_M20_adv  pstar_adv  dp_adv  req_drift_pct_adv  req_ann_ir_adv
    0.1 20     liq  0.5000    4.5000       0.9000   0.9002    0.0998     0.0000      0.0      6.8330   -0.0381       0.0016      -0.0076     0.9351  0.0349             0.1747          2.4749
    0.1 20 stop1.0  0.5000    4.5000       0.9000   0.9002    0.0001     0.0997      0.0      6.8330   -0.0295       0.0015      -0.0059     0.9296  0.0294             0.1469          2.0817
    0.1 20 stop0.5  0.5000    2.2500       0.8182   0.8191    0.0000     0.1809      0.0      4.0944   -0.0285       0.0008      -0.0057     0.8709  0.0518             0.1424          3.3668
    0.1 30     liq  0.3333    2.8333       0.8947   0.8945    0.1055     0.0000      0.0      3.2358   -0.0570       0.0014      -0.0114     0.9472  0.0527             0.1669          4.9949
    0.1 30 stop1.0  0.3333    2.8333       0.8947   0.8945    0.0001     0.1054      0.0      3.2358   -0.0434       0.0012      -0.0087     0.9401  0.0456             0.1443          4.3188
    0.1 30 stop0.5  0.3333    1.4167       0.8095   0.8111    0.0000     0.1889      0.0      1.9487   -0.0419       0.0007      -0.0084     0.8908  0.0797             0.1395          6.9293
    0.1 50     liq  0.2000    1.5000       0.8824   0.8842    0.1158     0.0000      0.0      1.1955   -0.0940       0.0013      -0.0188     0.9724  0.0882             0.1499         12.1413
    0.1 50 stop1.0  0.2000    1.5000       0.8824   0.8842    0.0003     0.1155      0.0      1.1955   -0.0692       0.0010      -0.0138     0.9655  0.0812             0.1381         11.1853
    0.1 50 stop0.5  0.2000    0.7500       0.7895   0.7876    0.0000     0.2124      0.0      0.7035   -0.0713       0.0007      -0.0143     0.9376  0.1501             0.1426         19.6164
    0.2 20     liq  1.0000    4.5000       0.8182   0.8183    0.1817     0.0000      0.0     13.6135   -0.0469       0.0026      -0.0094     0.8577  0.0394             0.2169          1.5426
    0.2 20 stop1.0  1.0000    4.5000       0.8182   0.8183    0.0001     0.1816      0.0     13.6135   -0.0313       0.0024      -0.0063     0.8466  0.0284             0.1560          1.1093
    0.2 20 stop0.5  1.0000    2.2500       0.6923   0.6931    0.0000     0.3069      0.0      7.9423   -0.0295       0.0012      -0.0059     0.7384  0.0452             0.1471          1.7926
    0.2 30     liq  0.6667    2.8333       0.8095   0.8095    0.1905     0.0000      0.0      6.4522   -0.0691       0.0020      -0.0138     0.8679  0.0585             0.2046          3.0698
    0.2 30 stop1.0  0.6667    2.8333       0.8095   0.8095    0.0002     0.1903      0.0      6.4522   -0.0445       0.0018      -0.0089     0.8517  0.0423             0.1480          2.2207
    0.2 30 stop0.5  0.6667    1.4167       0.6800   0.6831    0.0000     0.3169      0.0      3.8493   -0.0415       0.0009      -0.0083     0.7495  0.0664             0.1382          3.4768
    0.2 50     liq  0.4000    1.5000       0.7895   0.7911    0.2089     0.0000      0.0      2.4419   -0.1149       0.0017      -0.0230     0.8896  0.0985             0.1872          7.4219
    0.2 50 stop1.0  0.4000    1.5000       0.7895   0.7911    0.0004     0.2085      0.0      2.4419   -0.0701       0.0014      -0.0140     0.8647  0.0736             0.1399          5.5473
    0.2 50 stop0.5  0.4000    0.7500       0.6522   0.6499    0.0000     0.3501      0.0      1.4123   -0.0722       0.0007      -0.0144     0.7754  0.1255             0.1444          9.8968
    0.3 20     liq  1.5000    4.5000       0.7500   0.7512    0.2488     0.0000      0.0     19.9680   -0.0530       0.0033      -0.0106     0.7923  0.0411             0.2467          1.1960
    0.3 20 stop1.0  1.5000    4.5000       0.7500   0.7512    0.0002     0.2487      0.0     19.9680   -0.0316       0.0031      -0.0063     0.7774  0.0263             0.1577          0.7644
    0.3 20 stop0.5  1.5000    2.2500       0.6000   0.5984    0.0000     0.4016      0.0     11.3442   -0.0320       0.0011      -0.0064     0.6411  0.0427             0.1599          1.3650
    0.3 30     liq  1.0000    2.8333       0.7391   0.7395    0.2606     0.0000      0.0      9.4804   -0.0788       0.0025      -0.0158     0.8009  0.0615             0.2357          2.4073
    0.3 30 stop1.0  1.0000    2.8333       0.7391   0.7395    0.0003     0.2602      0.0      9.4804   -0.0452       0.0023      -0.0090     0.7787  0.0392             0.1504          1.5362
    0.3 30 stop0.5  1.0000    1.4167       0.5862   0.5890    0.0000     0.4110      0.0      5.5995   -0.0421       0.0008      -0.0084     0.6470  0.0581             0.1403          2.4258
    0.3 50     liq  0.6000    1.5000       0.7143   0.7171    0.2829     0.0000      0.0      3.6172   -0.1302       0.0019      -0.0260     0.8199  0.1028             0.2159          5.7787
    0.3 50 stop1.0  0.6000    1.5000       0.7143   0.7171    0.0005     0.2824      0.0      3.6172   -0.0695       0.0016      -0.0139     0.7831  0.0661             0.1387          3.7125
    0.3 50 stop0.5  0.6000    0.7500       0.5556   0.5543    0.0000     0.4457      0.0      2.0647   -0.0722       0.0006      -0.0144     0.6612  0.1069             0.1443          6.7648
    0.5 20     liq  2.5000    4.5000       0.6429   0.6430    0.3570     0.0000      0.0     31.7139   -0.0664       0.0035      -0.0133     0.6876  0.0446             0.3123          0.9534
    0.5 20 stop1.0  2.5000    4.5000       0.6429   0.6430    0.0002     0.3567      0.0     31.7139   -0.0357       0.0033      -0.0071     0.6685  0.0255             0.1783          0.5443
    0.5 20 stop0.5  2.5000    2.2500       0.4737   0.4728    0.0000     0.5272      0.0     17.5032   -0.0332       0.0007      -0.0066     0.5078  0.0350             0.1662          0.9195
    0.5 30     liq  1.6667    2.8333       0.6296   0.6306    0.3694     0.0000      0.0     15.0275   -0.0940       0.0026      -0.0188     0.6941  0.0635             0.2857          1.8409
    0.5 30 stop1.0  1.6667    2.8333       0.6296   0.6306    0.0004     0.3690      0.0     15.0275   -0.0464       0.0024      -0.0093     0.6649  0.0343             0.1545          0.9954
    0.5 30 stop0.5  1.6667    1.4167       0.4595   0.4596    0.0000     0.5404      0.0      8.5530   -0.0451       0.0007      -0.0090     0.5084  0.0488             0.1504          1.7019
    0.5 50     liq  1.0000    1.5000       0.6000   0.6023    0.3977     0.0000      0.0      5.8433   -0.1562       0.0018      -0.0312     0.7089  0.1066             0.2665          4.4151
    0.5 50 stop1.0  1.0000    1.5000       0.6000   0.6023    0.0009     0.3968      0.0      5.8433   -0.0709       0.0016      -0.0142     0.6590  0.0567             0.1417          2.3478
    0.5 50 stop0.5  1.0000    0.7500       0.4286   0.4260    0.0000     0.5740      0.0      3.2429   -0.0743       0.0009      -0.0149     0.5109  0.0850             0.1487          4.4399
    1.0 20     liq  5.0000    4.5000       0.4737   0.4751    0.5249     0.0000      0.0     58.0738   -0.0850       0.0017      -0.0170     0.5179  0.0428             0.4066          0.6779
    1.0 20 stop1.0  5.0000    4.5000       0.4737   0.4751    0.0004     0.5246      0.0     58.0738   -0.0399       0.0017      -0.0080     0.4961  0.0210             0.1994          0.3324
    1.0 20 stop0.5  5.0000    2.2500       0.3103   0.3097    0.0000     0.6903      0.0     31.1559   -0.0367       0.0040      -0.0073     0.3351  0.0254             0.1841          0.5721
    1.0 30     liq  3.3333    2.8333       0.4595   0.4597    0.5403     0.0000      0.0     28.0629   -0.1217       0.0021      -0.0243     0.5213  0.0615             0.3795          1.3091
    1.0 30 stop1.0  3.3333    2.8333       0.4595   0.4597    0.0006     0.5397      0.0     28.0629   -0.0521       0.0020      -0.0104     0.4879  0.0282             0.1737          0.5994
    1.0 30 stop0.5  3.3333    1.4167       0.2982   0.2972    0.0000     0.7028      0.0     14.9931   -0.0491       0.0032      -0.0098     0.3317  0.0345             0.1640          1.0589
    1.0 50     liq  2.0000    1.5000       0.4286   0.4294    0.5706     0.0000      0.0     10.3380   -0.1976       0.0023      -0.0395     0.5301  0.1006             0.3521          3.2975
    1.0 50 stop1.0  2.0000    1.5000       0.4286   0.4294    0.0013     0.5693      0.0     10.3380   -0.0752       0.0020      -0.0150     0.4724  0.0430             0.1504          1.4087
    1.0 50 stop0.5  2.0000    0.7500       0.2727   0.2696    0.0000     0.7304      0.0      5.5610   -0.0778       0.0022      -0.0156     0.3263  0.0567             0.1558          2.7122 

(c) 100 trades
 variant  L        scenario  p_win    M  win_roe  loss_roe  mean_mult  median_mult  p_below_half  p_below_tenth  p_win_needed_log
    liq  5       zero_edge 0.9014 0.20   0.0892   -1.0192     0.6681       0.5025        0.3987         0.0182            0.9280
    liq  5       zero_edge 0.9014 0.25   0.0892   -1.0192     0.6039       0.3843        0.5305         0.0660            0.9302
    liq  5       zero_edge 0.9014 0.30   0.0892   -1.0192     0.5458       0.2800        0.6628         0.1851            0.9325
    liq  5       zero_edge 0.9014 0.40   0.0892   -1.0192     0.4457       0.1247        0.7810         0.3987            0.9373
    liq  5 arith_breakeven 0.9188 0.20   0.0892   -1.0192     0.9841       0.8212        0.1878         0.0028            0.9280
    liq  5 arith_breakeven 0.9188 0.25   0.0892   -1.0192     0.9802       0.7233        0.2934         0.0150            0.9302
    liq  5 arith_breakeven 0.9188 0.30   0.0892   -1.0192     0.9762       0.6125        0.4248         0.0614            0.9325
    liq  5 arith_breakeven 0.9188 0.40   0.0892   -1.0192     0.9684       0.3812        0.5701         0.1878            0.9373
    liq 10       zero_edge 0.9017 0.20   0.0838   -1.0173     0.6130       0.4591        0.5259         0.0177            0.9319
    liq 10       zero_edge 0.9017 0.25   0.0838   -1.0173     0.5422       0.3436        0.6587         0.1119            0.9340
    liq 10       zero_edge 0.9017 0.30   0.0838   -1.0173     0.4795       0.2451        0.6587         0.1820            0.9362
    liq 10       zero_edge 0.9017 0.40   0.0838   -1.0173     0.3749       0.1047        0.7778         0.3943            0.9406
    liq 10 arith_breakeven 0.9239 0.20   0.0838   -1.0173     1.0000       0.9548        0.2299         0.0014            0.9319
    liq 10 arith_breakeven 0.9239 0.25   0.0838   -1.0173     1.0000       0.8819        0.3512         0.0194            0.9340
    liq 10 arith_breakeven 0.9239 0.30   0.0838   -1.0173     1.0000       0.7872        0.3512         0.0403            0.9362
    liq 10 arith_breakeven 0.9239 0.40   0.0838   -1.0173     1.0000       0.5542        0.4952         0.1390            0.9406
    liq 20       zero_edge 0.9002 0.20   0.0707   -1.0193     0.4656       0.3619        0.6766         0.0392            0.9420
    liq 20       zero_edge 0.9002 0.25   0.0707   -1.0193     0.3842       0.2555        0.7920         0.1224            0.9438
    liq 20       zero_edge 0.9002 0.30   0.0707   -1.0193     0.3170       0.1719        0.7920         0.2945            0.9456
    liq 20       zero_edge 0.9002 0.40   0.0707   -1.0193     0.2155       0.0653        0.8815         0.5459            0.9495
    liq 20 arith_breakeven 0.9351 0.20   0.0707   -1.0193     1.0000       0.9529        0.2005         0.0007            0.9420
    liq 20 arith_breakeven 0.9351 0.25   0.0707   -1.0193     1.0000       0.8886        0.3225         0.0052            0.9438
    liq 20 arith_breakeven 0.9351 0.30   0.0707   -1.0193     1.0000       0.8047        0.3225         0.0286            0.9456
    liq 20 arith_breakeven 0.9351 0.40   0.0707   -1.0193     1.0000       0.5936        0.4737         0.1141            0.9495
    liq 25       zero_edge 0.8975 0.20   0.0639   -1.0218     0.3855       0.3188        0.7081         0.0857            0.9474
    liq 25       zero_edge 0.8975 0.25   0.0639   -1.0218     0.3034       0.2179        0.8163         0.2234            0.9490
    liq 25       zero_edge 0.8975 0.30   0.0639   -1.0218     0.2386       0.1420        0.8978         0.4503            0.9507
    liq 25       zero_edge 0.8975 0.40   0.0639   -1.0218     0.1473       0.0506        0.9509         0.7081            0.9542
    liq 25 arith_breakeven 0.9411 0.20   0.0639   -1.0218     1.0000       0.8369        0.1347         0.0008            0.9474
    liq 25 arith_breakeven 0.9411 0.25   0.0639   -1.0218     1.0000       0.7556        0.2357         0.0059            0.9490
    liq 25 arith_breakeven 0.9411 0.30   0.0639   -1.0218     1.0000       0.6626        0.3746         0.0334            0.9507
    liq 25 arith_breakeven 0.9411 0.40   0.0639   -1.0218     1.0000       0.4582        0.5401         0.1347            0.9542
    liq 30       zero_edge 0.8945 0.20   0.0571   -1.0245     0.3176       0.2804        0.8399         0.1028            0.9528
    liq 30       zero_edge 0.8945 0.25   0.0571   -1.0245     0.2379       0.1856        0.9131         0.3637            0.9543
    liq 30       zero_edge 0.8945 0.30   0.0571   -1.0245     0.1781       0.1171        0.9131         0.4889            0.9558
    liq 30       zero_edge 0.8945 0.40   0.0571   -1.0245     0.0995       0.0391        0.9593         0.7396            0.9590
    liq 30 arith_breakeven 0.9472 0.20   0.0571   -1.0245     1.0000       0.9338        0.1582         0.0002            0.9528
    liq 30 arith_breakeven 0.9472 0.25   0.0571   -1.0245     1.0000       0.8747        0.2760         0.0065            0.9543
    liq 30 arith_breakeven 0.9472 0.30   0.0571   -1.0245     1.0000       0.7995        0.2760         0.0165            0.9558
    liq 30 arith_breakeven 0.9472 0.40   0.0571   -1.0245     1.0000       0.6110        0.4336         0.0820            0.9590
    liq 40       zero_edge 0.8898 0.20   0.0433   -1.0306     0.2201       0.1700        0.9338         0.2098            0.9640
    liq 40       zero_edge 0.8898 0.25   0.0433   -1.0306     0.1502       0.0983        0.9702         0.5501            0.9651
    liq 40       zero_edge 0.8898 0.30   0.0433   -1.0306     0.1024       0.0539        0.9702         0.6749            0.9663
    liq 40       zero_edge 0.8898 0.40   0.0433   -1.0306     0.0473       0.0133        0.9888         0.8731            0.9687
    liq 40 arith_breakeven 0.9597 0.20   0.0433   -1.0306     1.0000       0.9084        0.1095         0.0001            0.9640
    liq 40 arith_breakeven 0.9597 0.25   0.0433   -1.0306     1.0000       0.8532        0.2163         0.0024            0.9651
    liq 40 arith_breakeven 0.9597 0.30   0.0433   -1.0306     1.0000       0.7856        0.2163         0.0072            0.9663
    liq 40 arith_breakeven 0.9597 0.40   0.0433   -1.0306     1.0000       0.6198        0.3770         0.0492            0.9687
    liq 50       zero_edge 0.8842 0.20   0.0294   -1.0370     0.1497       0.1307        0.9796         0.3726            0.9754
    liq 50       zero_edge 0.8842 0.25   0.0294   -1.0370     0.0926       0.0707        0.9927         0.7341            0.9762
    liq 50       zero_edge 0.8842 0.30   0.0294   -1.0370     0.0572       0.0363        0.9927         0.8316            0.9770
    liq 50       zero_edge 0.8842 0.40   0.0294   -1.0370     0.0216       0.0078        0.9979         0.9523            0.9786
    liq 50 arith_breakeven 0.9724 0.20   0.0294   -1.0370     1.0000       0.8796        0.0589         0.0000            0.9754
    liq 50 arith_breakeven 0.9724 0.25   0.0294   -1.0370     1.0000       0.8273        0.1432         0.0005            0.9762
    liq 50 arith_breakeven 0.9724 0.30   0.0294   -1.0370     1.0000       0.7667        0.1432         0.0018            0.9770
    liq 50 arith_breakeven 0.9724 0.40   0.0294   -1.0370     1.0000       0.6233        0.2981         0.0210            0.9786
stop0.5  5       zero_edge 0.8282 0.20   0.0907   -0.5009     0.8036       0.7396        0.1877         0.0000            0.8544
stop0.5  5       zero_edge 0.8282 0.25   0.0907   -0.5009     0.7607       0.6620        0.3541         0.0011            0.8564
stop0.5  5       zero_edge 0.8282 0.30   0.0907   -0.5009     0.7202       0.5834        0.4551         0.0093            0.8584
stop0.5  5       zero_edge 0.8282 0.40   0.0907   -0.5009     0.6454       0.4310        0.5607         0.0829            0.8625
stop0.5  5 arith_breakeven 0.8466 0.20   0.0907   -0.5009     1.0000       0.9469        0.0800         0.0000            0.8544
stop0.5  5 arith_breakeven 0.8466 0.25   0.0907   -0.5009     1.0000       0.9048        0.1879         0.0002            0.8564
stop0.5  5 arith_breakeven 0.8466 0.30   0.0907   -0.5009     1.0000       0.8525        0.2675         0.0019            0.8584
stop0.5  5 arith_breakeven 0.8466 0.40   0.0907   -0.5009     1.0000       0.7238        0.3627         0.0280            0.8625
stop0.5 10       zero_edge 0.8259 0.20   0.0846   -0.4926     0.7275       0.6905        0.2842         0.0000            0.8607
stop0.5 10       zero_edge 0.8259 0.25   0.0846   -0.4926     0.6717       0.6086        0.3771         0.0029            0.8626
stop0.5 10       zero_edge 0.8259 0.30   0.0846   -0.4926     0.6202       0.5285        0.4792         0.0110            0.8645
stop0.5 10       zero_edge 0.8259 0.40   0.0846   -0.4926     0.5287       0.3799        0.6851         0.0929            0.8683
stop0.5 10 arith_breakeven 0.8534 0.20   0.0846   -0.4926     1.0000       0.8787        0.0893         0.0000            0.8607
stop0.5 10 arith_breakeven 0.8534 0.25   0.0846   -0.4926     1.0000       0.8254        0.1396         0.0002            0.8626
stop0.5 10 arith_breakeven 0.8534 0.30   0.0846   -0.4926     1.0000       0.7650        0.2074         0.0010            0.8645
stop0.5 10 arith_breakeven 0.8534 0.40   0.0846   -0.4926     1.0000       0.6298        0.3940         0.0173            0.8683
stop0.5 20       zero_edge 0.8191 0.20   0.0712   -0.4799     0.5642       0.5182        0.4470         0.0003            0.8771
stop0.5 20       zero_edge 0.8191 0.25   0.0712   -0.4799     0.4888       0.4255        0.6518         0.0098            0.8787
stop0.5 20       zero_edge 0.8191 0.30   0.0712   -0.4799     0.4233       0.3445        0.7447         0.0312            0.8804
stop0.5 20       zero_edge 0.8191 0.40   0.0712   -0.4799     0.3173       0.2155        0.8239         0.1863            0.8836
stop0.5 20 arith_breakeven 0.8709 0.20   0.0712   -0.4799     1.0000       0.9212        0.0534         0.0000            0.8771
stop0.5 20 arith_breakeven 0.8709 0.25   0.0712   -0.4799     1.0000       0.8806        0.1431         0.0000            0.8787
stop0.5 20 arith_breakeven 0.8709 0.30   0.0712   -0.4799     1.0000       0.8329        0.2159         0.0003            0.8804
stop0.5 20 arith_breakeven 0.8709 0.40   0.0712   -0.4799     1.0000       0.7198        0.3082         0.0081            0.8836
stop0.5 25       zero_edge 0.8151 0.20   0.0643   -0.4741     0.4928       0.4747        0.5909         0.0008            0.8863
stop0.5 25       zero_edge 0.8151 0.25   0.0643   -0.4741     0.4126       0.3818        0.6889         0.0130            0.8878
stop0.5 25       zero_edge 0.8151 0.30   0.0643   -0.4741     0.3453       0.3029        0.7763         0.0648            0.8892
stop0.5 25       zero_edge 0.8151 0.40   0.0643   -0.4741     0.2417       0.1823        0.9045         0.2958            0.8922
stop0.5 25 arith_breakeven 0.8806 0.20   0.0643   -0.4741     1.0000       0.9316        0.0492         0.0000            0.8863
stop0.5 25 arith_breakeven 0.8806 0.25   0.0643   -0.4741     1.0000       0.8956        0.0846         0.0000            0.8878
stop0.5 25 arith_breakeven 0.8806 0.30   0.0643   -0.4741     1.0000       0.8527        0.1375         0.0002            0.8892
stop0.5 25 arith_breakeven 0.8806 0.40   0.0643   -0.4741     1.0000       0.7496        0.3052         0.0069            0.8922
stop0.5 30       zero_edge 0.8111 0.20   0.0574   -0.4683     0.4310       0.3891        0.7234         0.0012            0.8960
stop0.5 30       zero_edge 0.8111 0.25   0.0574   -0.4683     0.3489       0.2977        0.8049         0.0298            0.8973
stop0.5 30       zero_edge 0.8111 0.30   0.0574   -0.4683     0.2822       0.2246        0.8708         0.1210            0.8987
stop0.5 30       zero_edge 0.8111 0.40   0.0574   -0.4683     0.1845       0.1222        0.9542         0.4278            0.9014
stop0.5 30 arith_breakeven 0.8908 0.20   0.0574   -0.4683     1.0000       0.9363        0.0430         0.0000            0.8960
stop0.5 30 arith_breakeven 0.8908 0.25   0.0574   -0.4683     1.0000       0.9034        0.0762         0.0000            0.8973
stop0.5 30 arith_breakeven 0.8908 0.30   0.0574   -0.4683     1.0000       0.8643        0.1273         0.0002            0.8987
stop0.5 30 arith_breakeven 0.8908 0.40   0.0574   -0.4683     1.0000       0.7701        0.2954         0.0054            0.9014
stop0.5 40       zero_edge 0.7994 0.20   0.0436   -0.4571     0.3184       0.2942        0.9218         0.0064            0.9170
stop0.5 40       zero_edge 0.7994 0.25   0.0436   -0.4571     0.2387       0.2100        0.9546         0.0901            0.9181
stop0.5 40       zero_edge 0.7994 0.30   0.0436   -0.4571     0.1788       0.1479        0.9756         0.2664            0.9191
stop0.5 40       zero_edge 0.7994 0.40   0.0436   -0.4571     0.1001       0.0702        0.9879         0.6438            0.9212
stop0.5 40 arith_breakeven 0.9130 0.20   0.0436   -0.4571     1.0000       0.9291        0.0263         0.0000            0.9170
stop0.5 40 arith_breakeven 0.9130 0.25   0.0436   -0.4571     1.0000       0.8989        0.0513         0.0000            0.9181
stop0.5 40 arith_breakeven 0.9130 0.30   0.0436   -0.4571     1.0000       0.8641        0.0936         0.0000            0.9191
stop0.5 40 arith_breakeven 0.9130 0.40   0.0436   -0.4571     1.0000       0.7823        0.1593         0.0009            0.9212
stop0.5 50       zero_edge 0.7876 0.20   0.0297   -0.4458     0.2376       0.2244        0.9876         0.0250            0.9405
stop0.5 50       zero_edge 0.7876 0.25   0.0297   -0.4458     0.1653       0.1498        0.9942         0.2103            0.9412
stop0.5 50       zero_edge 0.7876 0.30   0.0297   -0.4458     0.1149       0.0987        0.9976         0.5628            0.9419
stop0.5 50       zero_edge 0.7876 0.40   0.0297   -0.4458     0.0553       0.0410        0.9997         0.8788            0.9434
stop0.5 50 arith_breakeven 0.9376 0.20   0.0297   -0.4458     1.0000       0.9954        0.0094         0.0000            0.9405
stop0.5 50 arith_breakeven 0.9376 0.25   0.0297   -0.4458     1.0000       0.9853        0.0219         0.0000            0.9412
stop0.5 50 arith_breakeven 0.9376 0.30   0.0297   -0.4458     1.0000       0.9714        0.0474         0.0000            0.9419
stop0.5 50 arith_breakeven 0.9376 0.40   0.0297   -0.4458     1.0000       0.9322        0.1716         0.0001            0.9434 

(d) suspect bars neutralised: 296
  L variant  pTP_adv_raw  pLIQ_adv_raw  EROE_adv_raw  pTP_adv_nosuspect  pLIQ_adv_nosuspect  EROE_adv_nosuspect
20     liq      0.90021       0.09979      -0.03808            0.90042             0.09958            -0.03785
20 stop1.0      0.90021       0.00006      -0.02950            0.90042             0.00026            -0.02931
20 stop0.5      0.81908       0.00000      -0.02853            0.81946             0.00000            -0.02834
30     liq      0.89452       0.10548      -0.05702            0.89488             0.10512            -0.05665
30 stop1.0      0.89452       0.00011      -0.04343            0.89488             0.00024            -0.04312
30 stop0.5      0.81111       0.00000      -0.04190            0.81126             0.00000            -0.04186
50     liq      0.88422       0.11578      -0.09405            0.88435             0.11565            -0.09392
50 stop1.0      0.88422       0.00029      -0.06922            0.88435             0.00041            -0.06914
50 stop0.5      0.78759       0.00000      -0.07135            0.78764             0.00002            -0.07137
