variant  L  win_roe  loss_roe  p_free  p_breakeven  p_fullKelly_M20  p_halfKelly_M20  p_fullKelly_M25  p_halfKelly_M25  p_fullKelly_M30  p_halfKelly_M30  p_fullKelly_M40  p_halfKelly_M40  fstar_at_free+0pp  fstar_at_free+3pp  fstar_at_free+5pp
    liq  5   0.0892   -1.0192  0.9014       0.9195           0.9359           0.9523           0.9400           0.9605           0.9441           0.9687           0.9523           0.9851            -0.2214             0.1444             0.3883
    liq 10   0.0838   -1.0173  0.9017       0.9239           0.9394           0.9549           0.9432           0.9626           0.9471           0.9703           0.9549           0.9858            -0.2863             0.1011             0.3594
    liq 20   0.0707   -1.0193  0.9002       0.9351           0.9484           0.9616           0.9517           0.9682           0.9550           0.9748           0.9616           0.9880            -0.5285            -0.0747             0.2279
    liq 25   0.0639   -1.0218  0.8975       0.9411           0.9532           0.9652           0.9562           0.9712           0.9592           0.9772           0.9652           0.9893            -0.7264            -0.2276             0.1050
    liq 30   0.0571   -1.0245  0.8945       0.9472           0.9581           0.9689           0.9608           0.9743           0.9635           0.9797           0.9689           0.9905            -0.9753            -0.4203            -0.0503
    liq 40   0.0433   -1.0306  0.8898       0.9597           0.9680           0.9763           0.9701           0.9805           0.9722           0.9846           0.9763           0.9929            -1.6842            -0.9618            -0.4802
    liq 50   0.0294   -1.0370  0.8842       0.9724           0.9781           0.9839           0.9796           0.9867           0.9810           0.9896           0.9839           0.9953            -3.0830            -2.0342            -1.3351
stop1.0  5   0.0892   -0.9978  0.9014       0.9179           0.9343           0.9507           0.9384           0.9589           0.9425           0.9671           0.9507           0.9834            -0.2024             0.1640             0.4083
stop1.0 10   0.0838   -0.9743  0.9017       0.9208           0.9362           0.9517           0.9401           0.9594           0.9439           0.9671           0.9517           0.9825            -0.2472             0.1415             0.4007
stop1.0 20   0.0707   -0.9333  0.9002       0.9296           0.9427           0.9559           0.9460           0.9625           0.9493           0.9690           0.9559           0.9822            -0.4472             0.0094             0.3137
stop1.0 25   0.0639   -0.9144  0.8975       0.9347           0.9466           0.9586           0.9496           0.9645           0.9526           0.9705           0.9586           0.9825            -0.6232            -0.1209             0.2139
stop1.0 30   0.0571   -0.8957  0.8945       0.9401           0.9508           0.9616           0.9535           0.9669           0.9562           0.9723           0.9616           0.9830            -0.8497            -0.2905             0.0823
stop1.0 40   0.0433   -0.8591  0.8898       0.9520           0.9603           0.9685           0.9623           0.9726           0.9644           0.9768           0.9685           0.9850            -1.5118            -0.7836            -0.2982
stop1.0 50   0.0294   -0.8225  0.8842       0.9655           0.9712           0.9768           0.9726           0.9797           0.9740           0.9825           0.9768           0.9882            -2.8607            -1.8044            -1.1002
stop0.5  5   0.0907   -0.5009  0.8282       0.8466           0.8620           0.8774           0.8658           0.8850           0.8697           0.8927           0.8774           0.9081            -0.2404             0.1502             0.4105
stop0.5 10   0.0846   -0.4926  0.8259       0.8534           0.8678           0.8823           0.8715           0.8895           0.8751           0.8967           0.8823           0.9112            -0.3811             0.0343             0.3113
stop0.5 20   0.0712   -0.4799  0.8191       0.8709           0.8832           0.8956           0.8863           0.9018           0.8894           0.9080           0.8956           0.9204            -0.8353            -0.3513            -0.0286
stop0.5 25   0.0643   -0.4741  0.8151       0.8806           0.8919           0.9032           0.8947           0.9089           0.8975           0.9145           0.9032           0.9259            -1.1564            -0.6266            -0.2734
stop0.5 30   0.0574   -0.4683  0.8111       0.8908           0.9010           0.9113           0.9036           0.9164           0.9062           0.9215           0.9113           0.9317            -1.5585            -0.9719            -0.5808
stop0.5 40   0.0436   -0.4571  0.7994       0.9130           0.9210           0.9289           0.9229           0.9329           0.9249           0.9369           0.9289           0.9448            -2.8579            -2.1034            -1.6005
stop0.5 50   0.0297   -0.4458  0.7876       0.9376           0.9432           0.9488           0.9446           0.9515           0.9460           0.9543           0.9488           0.9599            -5.3971            -4.3181            -3.5987
