 tf  n_bars  atr14_med_pct  atr14_p10_pct  atr14_p90_pct  sd_1bar_logret_pct  absmove_H1_med_pct  absmove_H1_p90_pct  absmove_H4_med_pct  absmove_H4_p90_pct  absmove_H16_med_pct  absmove_H16_p90_pct  absmove_H64_med_pct  absmove_H64_p90_pct
 5m 2173769          0.303          0.161          0.603               0.279               0.104               0.367               0.202               0.723                0.390                1.449                0.795                2.978
15m  724701          0.533          0.286          1.023               0.472               0.179               0.627               0.341               1.257                0.684                2.567                1.492                5.253
30m  362352          0.763          0.411          1.428               0.659               0.248               0.891               0.476               1.784                0.989                3.690                2.199                7.468
 1h  181176          1.101          0.599          2.002               0.909               0.346               1.250               0.688               2.566                1.498                5.249                3.224               10.586
 4h   45294          2.329          1.308          4.026               1.767               0.695               2.597               1.497               5.249                3.212               10.592                7.151               21.971
 1d    7549          6.129          3.713          9.738               4.333               1.989               6.520               4.148              12.756                9.102               27.258               18.710               54.922

 tf  L  d_liq_pct  tp_pct  tp_over_atr  liq_over_atr  share_bars_atr_gt_dliq  share_bars_atr_gt_tp  p_entrybar_fav_exc_ge_tp  p_liq_hold1  p_liq_hold4  p_liq_hold16  p_liq_hold64
 5m  5     19.500   2.000        6.606        64.413                   0.000                 0.002                     0.002        0.000        0.000         0.000         0.001
 5m 10      9.500   1.000        3.303        31.381                   0.000                 0.020                     0.012        0.000        0.000         0.001         0.007
 5m 20      4.500   0.500        1.652        14.865                   0.000                 0.170                     0.061        0.000        0.001         0.009         0.051
 5m 25      3.500   0.400        1.321        11.561                   0.001                 0.294                     0.096        0.000        0.003         0.017         0.087
 5m 30      2.833   0.333        1.101         9.359                   0.001                 0.425                     0.135        0.001        0.005         0.029         0.131
 5m 40      2.000   0.250        0.826         6.606                   0.002                 0.649                     0.214        0.002        0.012         0.063         0.226
 5m 50      1.500   0.200        0.661         4.955                   0.005                 0.798                     0.290        0.004        0.024         0.111         0.324
15m  5     19.500   2.000        3.749        36.553                   0.000                 0.010                     0.008        0.000        0.000         0.001         0.004
15m 10      9.500   1.000        1.875        17.808                   0.000                 0.107                     0.044        0.000        0.001         0.005         0.030
15m 20      4.500   0.500        0.937         8.435                   0.001                 0.554                     0.169        0.001        0.006         0.036         0.159
15m 25      3.500   0.400        0.750         6.561                   0.002                 0.722                     0.237        0.002        0.012         0.064         0.236
15m 30      2.833   0.333        0.625         5.311                   0.003                 0.832                     0.301        0.003        0.020         0.099         0.311
15m 40      2.000   0.250        0.469         3.749                   0.010                 0.941                     0.411        0.008        0.046         0.180         0.442
15m 50      1.500   0.200        0.375         2.812                   0.029                 0.978                     0.499        0.017        0.084         0.269         0.549
30m  5     19.500   2.000        2.623        25.570                   0.000                 0.034                     0.020        0.000        0.000         0.002         0.011
30m 10      9.500   1.000        1.311        12.457                   0.000                 0.284                     0.092        0.000        0.002         0.012         0.071
30m 20      4.500   0.500        0.656         5.901                   0.002                 0.811                     0.277        0.002        0.015         0.080         0.278
30m 25      3.500   0.400        0.525         4.589                   0.004                 0.910                     0.359        0.004        0.028         0.131         0.371
30m 30      2.833   0.333        0.437         3.715                   0.009                 0.957                     0.429        0.008        0.046         0.186         0.453
30m 40      2.000   0.250        0.328         2.623                   0.034                 0.989                     0.539        0.020        0.096         0.300         0.582
30m 50      1.500   0.200        0.262         1.967                   0.086                 0.997                     0.619        0.039        0.159         0.406         0.674
 1h  5     19.500   2.000        1.816        17.708                   0.000                 0.100                     0.045        0.000        0.001         0.004         0.028
 1h 10      9.500   1.000        0.908         8.627                   0.000                 0.584                     0.171        0.001        0.005         0.030         0.148
 1h 20      4.500   0.500        0.454         4.086                   0.005                 0.952                     0.409        0.006        0.036         0.159         0.421
 1h 25      3.500   0.400        0.363         3.178                   0.014                 0.983                     0.496        0.011        0.064         0.236         0.518
 1h 30      2.833   0.333        0.303         2.573                   0.032                 0.994                     0.564        0.020        0.098         0.311         0.595
 1h 40      2.000   0.250        0.227         1.816                   0.100                 0.999                     0.663        0.045        0.180         0.443         0.706
 1h 50      1.500   0.200        0.182         1.362                   0.247                 1.000                     0.731        0.083        0.270         0.549         0.777
 4h  5     19.500   2.000        0.859         8.374                   0.000                 0.637                     0.181        0.001        0.004         0.028         0.155
 4h 10      9.500   1.000        0.429         4.080                   0.002                 0.972                     0.422        0.004        0.030         0.148         0.418
 4h 20      4.500   0.500        0.215         1.933                   0.066                 1.000                     0.672        0.036        0.159         0.420         0.687
 4h 25      3.500   0.400        0.172         1.503                   0.159                 1.000                     0.737        0.065        0.236         0.518         0.753
 4h 30      2.833   0.333        0.143         1.217                   0.305                 1.000                     0.784        0.099        0.311         0.595         0.800
 4h 40      2.000   0.250        0.107         0.859                   0.637                 1.000                     0.843        0.181        0.444         0.708         0.861
 4h 50      1.500   0.200        0.086         0.644                   0.839                 1.000                     0.879        0.271        0.550         0.779         0.896
 1d  5     19.500   2.000        0.326         3.182                   0.003                 0.999                     0.536        0.007        0.047         0.231         0.532
 1d 10      9.500   1.000        0.163         1.550                   0.111                 1.000                     0.748        0.049        0.214         0.507         0.757
 1d 20      4.500   0.500        0.082         0.734                   0.804                 1.000                     0.883        0.222        0.506         0.748         0.883
 1d 25      3.500   0.400        0.065         0.571                   0.922                 1.000                     0.910        0.313        0.599         0.806         0.906
 1d 30      2.833   0.333        0.054         0.462                   0.982                 1.000                     0.927        0.397        0.667         0.842         0.923
 1d 40      2.000   0.250        0.041         0.326                   0.999                 1.000                     0.946        0.536        0.767         0.890         0.945
 1d 50      1.500   0.200        0.033         0.245                   1.000                 1.000                     0.957        0.634        0.826         0.917         0.958

L       5     10    20    25    30    40    50
M                                             
0.20  0.14  0.28  0.56  0.70  0.84  1.12  1.40
0.25  0.18  0.35  0.70  0.88  1.05  1.40  1.75
0.30  0.21  0.42  0.84  1.05  1.26  1.68  2.10
0.40  0.28  0.56  1.12  1.40  1.68  2.24  2.80
