cells: 111 ; strategies: 37 ; n>=100 & finite p,p_vn (family candidates): 105

H-level constants:
      cost_H  E_abs_rH   mu_star   n_min    B  cost_pct  mu_star_pct
H                                                                   
4   0.001404  0.003202  0.001696  280503  600  0.140417     0.169559
16  0.001417  0.006330  0.001993  280491  600  0.141667     0.199271
64  0.001467  0.012791  0.002631  280443  600  0.146667     0.263061

TOP 15 by z (raw common-shift null):
       strategy  H      n  fwd_pct  net_time_pct       z  p_one_sided     z_vn    p_vn  p_emp_all  t_naive  symbols_pos  n_coins_ge10  approx  previously_examined  underpowered  mu_star_pct  fwd-mu*_pct
  N20_EMA9_CHOP  4  95158  0.00426      -0.13615 2.81591      0.00243 -3.64863 0.99987    0.00331  2.83062            6             7    True                False         False      0.16956     -0.16529
  N20_EMA9_CHOP 16  95158  0.00939      -0.13227 2.77201      0.00279 -1.28097 0.89990    0.00368  3.00850            7             7    True                False         False      0.19927     -0.18988
     N17_KC_RSI  4 221384  0.00530      -0.13512 1.90784      0.02821 25.23527 0.00000    0.02676  3.13352            4             7   False                False         False      0.16956     -0.16426
     N17_KC_RSI 64 221303  0.04129      -0.10538 1.73907      0.04101  9.91695 0.00000    0.03608  8.29943            5             7   False                False         False      0.26306     -0.22178
    N25_DST_CCI 16  98093  0.00914      -0.13253 1.70301      0.04428  1.99683 0.02292    0.04350  3.03066            6             7   False                False         False      0.19927     -0.19014
        V39_ALL 16  66845  0.01103      -0.13064 1.69913      0.04465 -6.94284 1.00000    0.03819  2.78199            5             7   False                False         False      0.19927     -0.18825
S3_CMO_SANDWICH 16  14975  0.01416      -0.12751 1.60177      0.05460  1.71595 0.04309    0.05697  1.75049            6             7    True                False         False      0.19927     -0.18511
        V45_AMB  4  30610  0.00583      -0.13459 1.54048      0.06172  7.44250 0.00000    0.06577  2.37939            5             7   False                 True         False      0.16956     -0.16373
     N17_KC_RSI 16 221355  0.01391      -0.12776 1.52247      0.06395 17.42729 0.00000    0.05592  4.82312            4             7   False                False         False      0.19927     -0.18536
        V45_AMB 16  30610  0.01589      -0.12578 1.50426      0.06626  4.91987 0.00000    0.05283  3.08994            6             7   False                 True         False      0.19927     -0.18339
S3_CMO_SANDWICH  4  14975  0.00619      -0.13423 1.26443      0.10304  1.15872 0.12329    0.09020  1.50611            5             7    True                False         False      0.16956     -0.16337
    N25_DST_CCI 64  98071  0.01568      -0.13099 1.10137      0.13537 -1.25678 0.89558    0.13011  2.46485            6             7   False                False         False      0.26306     -0.24738
        V45_AMB 64  30604  0.01970      -0.12697 0.88416      0.18830  0.24100 0.40478    0.20201  1.83317            5             7   False                 True         False      0.26306     -0.24336
          OBV_S  4  25300  0.00299      -0.13743 0.80954      0.20910 -3.48182 0.99975    0.21281  0.93141            4             7   False                False         False      0.16956     -0.16657
          OBV_B 64  66927  0.00765      -0.13902 0.79929      0.21206  0.87845 0.18985    0.19177  0.94174            5             7   False                False         False      0.26306     -0.25541

TOP 15 by fwd - mu*:
       strategy  H      n  fwd_pct  net_time_pct        z  p_one_sided      z_vn    p_vn  p_emp_all  t_naive  symbols_pos  n_coins_ge10  approx  previously_examined  underpowered  mu_star_pct  fwd-mu*_pct
   N14_ICHI_RSI 64      3  0.39321       0.24655  0.44271      0.32899   1.31946 0.09351    0.31047  3.31317            0             0   False                False          True      0.26306      0.13015
   N14_ICHI_RSI 16      3  0.31971       0.17804  0.64300      0.26011   1.10964 0.13358    0.20750  2.40676            0             0   False                False          True      0.19927      0.12044
     N03_ADX_GC  4   2162  0.00702      -0.13340  0.63026      0.26426  -5.50416 1.00000    0.27558  0.43812            4             7   False                False         False      0.16956     -0.16254
S3_CMO_SANDWICH  4  14975  0.00619      -0.13423  1.26443      0.10304   1.15872 0.12329    0.09020  1.50611            5             7    True                False         False      0.16956     -0.16337
  N11_BREAKAWAY  4    774  0.00594      -0.13447  0.26287      0.39633   1.00616 0.15717    0.38261  0.27662            3             7    True                False         False      0.16956     -0.16361
        V45_AMB  4  30610  0.00583      -0.13459  1.54048      0.06172   7.44250 0.00000    0.06577  2.37939            5             7   False                 True         False      0.16956     -0.16373
     N17_KC_RSI  4 221384  0.00530      -0.13512  1.90784      0.02821  25.23527 0.00000    0.02676  3.13352            4             7   False                False         False      0.16956     -0.16426
  N20_EMA9_CHOP  4  95158  0.00426      -0.13615  2.81591      0.00243  -3.64863 0.99987    0.00331  2.83062            6             7    True                False         False      0.16956     -0.16529
          OBV_S  4  25300  0.00299      -0.13743  0.80954      0.20910  -3.48182 0.99975    0.21281  0.93141            4             7   False                False         False      0.16956     -0.16657
         DOGE_L  4   8556  0.00225      -0.13816  0.17690      0.42979  -6.72406 1.00000    0.42463  0.35060            4             7   False                 True         False      0.16956     -0.16730
        V39_ALL  4  66845  0.00166      -0.13876  0.60938      0.27114  -5.09238 1.00000    0.24415  0.86133            5             7   False                False         False      0.16956     -0.16790
   N06_MACD_ORB  4   8027  0.00112      -0.13929  0.23085      0.40872  -7.62472 1.00000    0.43083  0.18154            4             7    True                False         False      0.16956     -0.16843
      S2_ST_ROC  4 182739  0.00104      -0.13937  0.69339      0.24403 -18.32584 1.00000    0.23813  0.84710            5             7   False                False         False      0.16956     -0.16852
    N25_DST_CCI  4  98093  0.00025      -0.14017  0.13348      0.44691   3.61731 0.00015    0.43850  0.17298            3             7   False                False         False      0.16956     -0.16931
N09_ALLIG_AROON  4  27808 -0.00080      -0.14122 -0.16851      0.56691 -10.90629 1.00000    0.58893 -0.22438            4             7   False                False         False      0.16956     -0.17036

TOP 15 by fwd - mu* among family candidates (n>=100):
       strategy  H      n  fwd_pct  net_time_pct        z  p_one_sided      z_vn    p_vn  p_emp_all  t_naive  symbols_pos  n_coins_ge10  approx  previously_examined  underpowered  mu_star_pct  fwd-mu*_pct
     N03_ADX_GC  4   2162  0.00702      -0.13340  0.63026      0.26426  -5.50416 1.00000    0.27558  0.43812            4             7   False                False         False      0.16956     -0.16254
S3_CMO_SANDWICH  4  14975  0.00619      -0.13423  1.26443      0.10304   1.15872 0.12329    0.09020  1.50611            5             7    True                False         False      0.16956     -0.16337
  N11_BREAKAWAY  4    774  0.00594      -0.13447  0.26287      0.39633   1.00616 0.15717    0.38261  0.27662            3             7    True                False         False      0.16956     -0.16361
        V45_AMB  4  30610  0.00583      -0.13459  1.54048      0.06172   7.44250 0.00000    0.06577  2.37939            5             7   False                 True         False      0.16956     -0.16373
     N17_KC_RSI  4 221384  0.00530      -0.13512  1.90784      0.02821  25.23527 0.00000    0.02676  3.13352            4             7   False                False         False      0.16956     -0.16426
  N20_EMA9_CHOP  4  95158  0.00426      -0.13615  2.81591      0.00243  -3.64863 0.99987    0.00331  2.83062            6             7    True                False         False      0.16956     -0.16529
          OBV_S  4  25300  0.00299      -0.13743  0.80954      0.20910  -3.48182 0.99975    0.21281  0.93141            4             7   False                False         False      0.16956     -0.16657
         DOGE_L  4   8556  0.00225      -0.13816  0.17690      0.42979  -6.72406 1.00000    0.42463  0.35060            4             7   False                 True         False      0.16956     -0.16730
        V39_ALL  4  66845  0.00166      -0.13876  0.60938      0.27114  -5.09238 1.00000    0.24415  0.86133            5             7   False                False         False      0.16956     -0.16790
   N06_MACD_ORB  4   8027  0.00112      -0.13929  0.23085      0.40872  -7.62472 1.00000    0.43083  0.18154            4             7    True                False         False      0.16956     -0.16843
      S2_ST_ROC  4 182739  0.00104      -0.13937  0.69339      0.24403 -18.32584 1.00000    0.23813  0.84710            5             7   False                False         False      0.16956     -0.16852
    N25_DST_CCI  4  98093  0.00025      -0.14017  0.13348      0.44691   3.61731 0.00015    0.43850  0.17298            3             7   False                False         False      0.16956     -0.16931
N09_ALLIG_AROON  4  27808 -0.00080      -0.14122 -0.16851      0.56691 -10.90629 1.00000    0.58893 -0.22438            4             7   False                False         False      0.16956     -0.17036
N22_VORTEX_PSAR  4 153191 -0.00086      -0.14128 -0.44329      0.67122 -13.21093 1.00000    0.70772 -0.65472            1             7   False                False         False      0.16956     -0.17042
 N04_ST_KLINGER  4 171549 -0.00100      -0.14142 -0.56311      0.71332 -12.44299 1.00000    0.72806 -0.73194            3             7    True                False         False      0.16956     -0.17056

Descriptive counts over family candidates (n>=100): 105
  fwd >= mu*                      : 0
  fwd > cost_H (net_time > 0)     : 0
  fwd > 0                         : 28
  z > 1.645 (raw p<0.05)          : 6
  z_vn > 1.645 (p_vn<0.05)        : 8
  z < -1.645                      : 23
  reference only (NOT Holm): p < 0.05/666=7.51e-05 (z>3.79) : 0 ; also p_vn < 0 ; also fwd>=mu* & sympos_ok: 0
  z sd over family candidates     : 1.48 ; mean z -0.72 ; z_vn sd 8.25 mean -6.75
  underpowered (n < n_req_iid)    : 7

No-signal / tiny cells (n<100):
      strategy  H  n
  N14_ICHI_RSI  4  3
  N14_ICHI_RSI 16  3
  N14_ICHI_RSI 64  3
N21_ST_RSI_ADX  4  0
N21_ST_RSI_ADX 16  0
N21_ST_RSI_ADX 64  0

Per-strategy best H by z (all cells):
       strategy  H      n  fwd_pct       z     z_vn  fwd_minus_mu_star  symbols_pos
  N20_EMA9_CHOP  4  95158   0.0043  2.8159  -3.6486            -0.0017            6
     N17_KC_RSI  4 221384   0.0053  1.9078  25.2353            -0.0016            4
    N25_DST_CCI 16  98093   0.0091  1.7030   1.9968            -0.0019            6
        V39_ALL 16  66845   0.0110  1.6991  -6.9428            -0.0019            5
S3_CMO_SANDWICH 16  14975   0.0142  1.6018   1.7159            -0.0019            6
        V45_AMB  4  30610   0.0058  1.5405   7.4425            -0.0016            5
          OBV_S  4  25300   0.0030  0.8095  -3.4818            -0.0017            4
          OBV_B 64  66927   0.0076  0.7993   0.8785            -0.0026            5
   N06_MACD_ORB 16   8027   0.0097  0.7391  -6.9284            -0.0019            5
      S2_ST_ROC  4 182739   0.0010  0.6934 -18.3258            -0.0017            5
   N14_ICHI_RSI 16      3   0.3197  0.6430   1.1096             0.0012            0
     N03_ADX_GC  4   2162   0.0070  0.6303  -5.5042            -0.0016            4
     N01_ST_EMA 64  66570   0.0081  0.5792  -7.1062            -0.0025            5
  N11_BREAKAWAY  4    774   0.0059  0.2629   1.0062            -0.0016            3
         DOGE_L  4   8556   0.0023  0.1769  -6.7241            -0.0017            4
    N08_ICHI_WR 16   3666   0.0025  0.1583  -1.8830            -0.0020            4
        N24_DMI 16  88141  -0.0030 -0.0131  -8.1486            -0.0020            1
      N16_BBRSI 16  22859  -0.0005 -0.0605  -0.2526            -0.0020            4
   N05_PSAR_POC 64  15392  -0.0027 -0.0820  -1.8707            -0.0027            4
   N13_3OUTSIDE 16  15365  -0.0008 -0.1088  -5.1005            -0.0020            3
N09_ALLIG_AROON  4  27808  -0.0008 -0.1685 -10.9063            -0.0017            4
         DOGE_S 16   8420  -0.0084 -0.2186  -9.0041            -0.0021            3
S1_EMA_RSI_CHOP 64    256  -0.0445 -0.2990  -1.0878            -0.0031            2
      N15_KC_AO  4    136  -0.0178 -0.3389  -0.2082            -0.0019            2
 N04_ST_KLINGER 64 171516  -0.0068 -0.3590  -7.7250            -0.0027            2
   N07_ICHI_CMO  4  25481  -0.0016 -0.3888 -10.7708            -0.0017            3
N22_VORTEX_PSAR  4 153191  -0.0009 -0.4433 -13.2109            -0.0017            1
     N02_ST_KST 64  56124  -0.0103 -0.5061  -8.8193            -0.0027            2
    N12_ICHI_AO 16  28946  -0.0070 -1.0049 -14.0448            -0.0021            3
    N10_HA_PSAR  4  82685  -0.0020 -1.0130 -11.9845            -0.0017            1
      N23_HA_ST 64 219916  -0.0203 -1.2692 -11.6488            -0.0028            1
  N18_VWMA_MACD 64 201475  -0.0210 -1.4719 -11.4056            -0.0028            3
      S4_BB_BBP  4  64697  -0.0037 -1.4877 -25.6727            -0.0017            3
S5_DONCHIAN_MFI 64   6674  -0.0430 -1.6221  -6.3418            -0.0031            1
 S6_EMA_DMI_ADX 16  14519  -0.0192 -2.3161  -8.0071            -0.0022            1
   N19_FIB_CHOP 64  15481  -0.0763 -2.3597  -9.5444            -0.0034            1

fwd - mu* per strategy (pct), all H:
H                     4      16      64     max
strategy                                       
N14_ICHI_RSI    -0.1818  0.1204  0.1302  0.1302
N03_ADX_GC      -0.1625 -0.2148 -0.2898 -0.1625
S3_CMO_SANDWICH -0.1634 -0.1851 -0.2612 -0.1634
N11_BREAKAWAY   -0.1636 -0.2112 -0.2621 -0.1636
V45_AMB         -0.1637 -0.1834 -0.2434 -0.1637
N17_KC_RSI      -0.1643 -0.1854 -0.2218 -0.1643
N20_EMA9_CHOP   -0.1653 -0.1899 -0.2762 -0.1653
OBV_S           -0.1666 -0.2027 -0.2669 -0.1666
DOGE_L          -0.1673 -0.2252 -0.2932 -0.1673
V39_ALL         -0.1679 -0.1882 -0.2656 -0.1679
N06_MACD_ORB    -0.1684 -0.1896 -0.3086 -0.1684
S2_ST_ROC       -0.1685 -0.1998 -0.2642 -0.1685
N25_DST_CCI     -0.1693 -0.1901 -0.2474 -0.1693
N09_ALLIG_AROON -0.1704 -0.2023 -0.2781 -0.1704
N22_VORTEX_PSAR -0.1704 -0.2048 -0.2740 -0.1704
N04_ST_KLINGER  -0.1706 -0.2067 -0.2699 -0.1706
N07_ICHI_CMO    -0.1711 -0.2102 -0.2884 -0.1711
N05_PSAR_POC    -0.1712 -0.2111 -0.2657 -0.1712
N01_ST_EMA      -0.1715 -0.2052 -0.2550 -0.1715
N10_HA_PSAR     -0.1716 -0.2087 -0.2730 -0.1716
OBV_B           -0.1718 -0.1962 -0.2554 -0.1718
N16_BBRSI       -0.1719 -0.1998 -0.2744 -0.1719
N24_DMI         -0.1729 -0.2022 -0.2890 -0.1729
S4_BB_BBP       -0.1733 -0.2110 -0.2940 -0.1733
N12_ICHI_AO     -0.1733 -0.2063 -0.2842 -0.1733
N02_ST_KST      -0.1736 -0.2131 -0.2733 -0.1736
N13_3OUTSIDE    -0.1739 -0.2001 -0.2788 -0.1739
N18_VWMA_MACD   -0.1743 -0.2122 -0.2840 -0.1743
N23_HA_ST       -0.1763 -0.2133 -0.2834 -0.1763
DOGE_S          -0.1781 -0.2076 -0.3009 -0.1781
N19_FIB_CHOP    -0.1848 -0.2429 -0.3394 -0.1848
N08_ICHI_WR     -0.1856 -0.1968 -0.2694 -0.1856
S6_EMA_DMI_ADX  -0.1869 -0.2184 -0.3057 -0.1869
N15_KC_AO       -0.1874 -0.6784 -0.7489 -0.1874
S5_DONCHIAN_MFI -0.1953 -0.2318 -0.3061 -0.1953
S1_EMA_RSI_CHOP -0.2021 -0.4015 -0.3076 -0.2021
N21_ST_RSI_ADX      NaN     NaN     NaN     NaN

Top-15-by-z cells: long/short split and per-coin fwd (pct):
       strategy  H  n_long  n_short  fwd_long  fwd_short  fwd_pct_BTCUSD  fwd_pct_ETHUSD  fwd_pct_SOLUSD  fwd_pct_XRPUSD  fwd_pct_DOGEUSD  fwd_pct_LTCUSD  fwd_pct_BCHUSD
  N20_EMA9_CHOP  4       0    95158       NaN     0.0043          0.0021          0.0059          0.0079         -0.0004           0.0019          0.0015          0.0112
  N20_EMA9_CHOP 16       0    95158       NaN     0.0094          0.0061          0.0151          0.0054          0.0031           0.0102          0.0168          0.0092
     N17_KC_RSI  4  109940   111444    0.0173    -0.0065         -0.0054         -0.0139          0.0185          0.0092           0.0336          0.0084         -0.0081
     N17_KC_RSI 64  109940   111363    0.0758     0.0072         -0.0150         -0.0138          0.0583          0.0510           0.1310          0.0426          0.0432
    N25_DST_CCI 16   45982    52111    0.0074     0.0107          0.0048          0.0139          0.0147         -0.0004           0.0103          0.0068          0.0152
        V39_ALL 16   31655    35190    0.0112     0.0109          0.0127          0.0217          0.0223          0.0077           0.0219         -0.0077         -0.0028
S3_CMO_SANDWICH 16    7332     7643    0.0126     0.0156          0.0145          0.0401         -0.0044          0.0044           0.0107          0.0245          0.0026
        V45_AMB  4   13575    17035    0.0085     0.0037         -0.0054          0.0253          0.0012          0.0084           0.0046          0.0081         -0.0018
     N17_KC_RSI 16  109940   111415    0.0328    -0.0048         -0.0010         -0.0191          0.0287          0.0239           0.0613          0.0140         -0.0021
        V45_AMB 16   13575    17035    0.0172     0.0148         -0.0081          0.0287          0.0050          0.0344           0.0154          0.0158          0.0184
S3_CMO_SANDWICH  4    7332     7643    0.0111     0.0014          0.0104          0.0176         -0.0192          0.0070          -0.0028          0.0195          0.0049
    N25_DST_CCI 64   45972    52099    0.0260     0.0065          0.0138          0.0097          0.0133          0.0121           0.0438          0.0260         -0.0112
        V45_AMB 64   13575    17029    0.0295     0.0119         -0.0232          0.0146          0.0692         -0.0301           0.0574          0.0203          0.0356
          OBV_S  4   12060    13240    0.0054     0.0008          0.0081          0.0112          0.0088         -0.0008          -0.0026         -0.0063          0.0035
          OBV_B 64   33525    33402    0.0259    -0.0106         -0.0020          0.0027          0.0139         -0.0048           0.0139          0.0209          0.0095

z_vn by strategy/H (all cells):
H                   4      16     64
strategy                            
N23_HA_ST       -35.03 -26.74 -11.65
N18_VWMA_MACD   -25.70 -22.11 -11.41
S4_BB_BBP       -25.67 -20.35 -12.91
S2_ST_ROC       -18.33 -17.69  -8.70
N12_ICHI_AO     -15.51 -14.04  -9.47
N01_ST_EMA      -15.34 -13.94  -7.11
N02_ST_KST      -14.36 -16.40  -8.82
N19_FIB_CHOP    -13.87 -15.87  -9.54
N22_VORTEX_PSAR -13.21 -10.36  -5.10
N04_ST_KLINGER  -12.44 -14.51  -7.72
N10_HA_PSAR     -11.98 -12.20  -4.65
N24_DMI         -11.80  -8.15  -2.98
S5_DONCHIAN_MFI -11.79  -9.36  -6.34
N09_ALLIG_AROON -10.91 -10.13  -7.19
S6_EMA_DMI_ADX  -10.81  -8.01  -2.60
N07_ICHI_CMO    -10.77 -10.41  -6.17
N13_3OUTSIDE     -8.58  -5.10  -3.08
N06_MACD_ORB     -7.62  -6.93  -7.55
DOGE_S           -6.90  -9.00  -6.78
DOGE_L           -6.72 -11.29  -6.85
N03_ADX_GC       -5.50  -5.92  -3.99
V39_ALL          -5.09  -6.94  -6.22
N05_PSAR_POC     -5.01  -5.46  -1.87
N20_EMA9_CHOP    -3.65  -1.28  -0.20
OBV_S            -3.48  -5.77  -2.88
N08_ICHI_WR      -3.24  -1.88  -1.53
N16_BBRSI        -3.22  -0.25   0.40
OBV_B            -3.17   0.16   0.88
S1_EMA_RSI_CHOP  -2.57  -3.50  -1.09
N14_ICHI_RSI     -0.33   1.11   1.32
N15_KC_AO        -0.21  -3.14  -1.60
N11_BREAKAWAY     1.01   0.59   0.96
S3_CMO_SANDWICH   1.16   1.72  -0.38
N25_DST_CCI       3.62   2.00  -1.26
V45_AMB           7.44   4.92   0.24
N17_KC_RSI       25.24  17.43   9.92
N21_ST_RSI_ADX     NaN    NaN    NaN
